   0.63290E+02   0.60653E+02   0.75000E+02
   0.94935E+02   0.47237E+02   0.56250E+02
   0.12658E+03   0.36788E+02   0.42188E+02
   0.15823E+03   0.28650E+02   0.31641E+02
   0.18987E+03   0.22313E+02   0.23730E+02
   0.22151E+03   0.17377E+02   0.17798E+02
   0.25316E+03   0.13534E+02   0.13348E+02
   0.28480E+03   0.10540E+02   0.10011E+02
   0.31645E+03   0.82085E+01   0.75085E+01
   0.34810E+03   0.63928E+01   0.56314E+01
   0.37974E+03   0.49787E+01   0.42235E+01
   0.41139E+03   0.38774E+01   0.31676E+01
   0.44303E+03   0.30197E+01   0.23757E+01
   0.47468E+03   0.23518E+01   0.17818E+01
   0.50632E+03   0.18316E+01   0.13363E+01
   0.53797E+03   0.14264E+01   0.10023E+01
   0.56961E+03   0.11109E+01   0.75169E+00
   0.60126E+03   0.86517E+00   0.56377E+00
   0.63290E+03   0.67379E+00   0.42283E+00
