   0.12658E+02   0.90484E+02   0.95000E+02
   0.18987E+02   0.86071E+02   0.90250E+02
   0.25316E+02   0.81873E+02   0.85737E+02
   0.31645E+02   0.77880E+02   0.81451E+02
   0.37974E+02   0.74082E+02   0.77378E+02
   0.44303E+02   0.70469E+02   0.73509E+02
   0.50632E+02   0.67032E+02   0.69834E+02
   0.56961E+02   0.63763E+02   0.66342E+02
   0.63290E+02   0.60653E+02   0.63025E+02
   0.69619E+02   0.57695E+02   0.59874E+02
   0.75948E+02   0.54881E+02   0.56880E+02
   0.82277E+02   0.52205E+02   0.54036E+02
   0.88606E+02   0.49659E+02   0.51334E+02
   0.94935E+02   0.47237E+02   0.48767E+02
   0.10126E+03   0.44933E+02   0.46329E+02
   0.10759E+03   0.42741E+02   0.44013E+02
   0.11392E+03   0.40657E+02   0.41812E+02
   0.12025E+03   0.38674E+02   0.39721E+02
   0.12658E+03   0.36788E+02   0.37735E+02
   0.13291E+03   0.34994E+02   0.35849E+02
   0.13924E+03   0.33287E+02   0.34056E+02
   0.14557E+03   0.31664E+02   0.32353E+02
   0.15190E+03   0.30119E+02   0.30736E+02
   0.15823E+03   0.28650E+02   0.29199E+02
   0.16455E+03   0.27253E+02   0.27739E+02
   0.17088E+03   0.25924E+02   0.26352E+02
   0.17721E+03   0.24660E+02   0.25034E+02
   0.18354E+03   0.23457E+02   0.23783E+02
   0.18987E+03   0.22313E+02   0.22594E+02
   0.19620E+03   0.21225E+02   0.21464E+02
   0.20253E+03   0.20190E+02   0.20391E+02
   0.20886E+03   0.19205E+02   0.19371E+02
   0.21519E+03   0.18268E+02   0.18403E+02
   0.22152E+03   0.17377E+02   0.17482E+02
   0.22784E+03   0.16530E+02   0.16608E+02
   0.23417E+03   0.15724E+02   0.15778E+02
   0.24050E+03   0.14957E+02   0.14989E+02
   0.24683E+03   0.14227E+02   0.14240E+02
   0.25316E+03   0.13534E+02   0.13528E+02
   0.25949E+03   0.12873E+02   0.12851E+02
   0.26582E+03   0.12246E+02   0.12209E+02
   0.27215E+03   0.11648E+02   0.11598E+02
   0.27848E+03   0.11080E+02   0.11018E+02
   0.28481E+03   0.10540E+02   0.10467E+02
   0.29113E+03   0.10026E+02   0.99440E+01
   0.29746E+03   0.95369E+01   0.94468E+01
   0.30379E+03   0.90718E+01   0.89745E+01
   0.31012E+03   0.86294E+01   0.85258E+01
   0.31645E+03   0.82085E+01   0.80995E+01
   0.32278E+03   0.78082E+01   0.76945E+01
   0.32911E+03   0.74274E+01   0.73098E+01
   0.33544E+03   0.70651E+01   0.69443E+01
   0.34177E+03   0.67206E+01   0.65971E+01
   0.34810E+03   0.63928E+01   0.62672E+01
   0.35442E+03   0.60810E+01   0.59539E+01
   0.36075E+03   0.57844E+01   0.56562E+01
   0.36708E+03   0.55023E+01   0.53733E+01
   0.37341E+03   0.52340E+01   0.51047E+01
   0.37974E+03   0.49787E+01   0.48494E+01
   0.38607E+03   0.47359E+01   0.46070E+01
   0.39240E+03   0.45049E+01   0.43766E+01
   0.39873E+03   0.42852E+01   0.41578E+01
   0.40506E+03   0.40762E+01   0.39499E+01
   0.41139E+03   0.38774E+01   0.37524E+01
   0.41771E+03   0.36883E+01   0.35648E+01
   0.42404E+03   0.35084E+01   0.33865E+01
   0.43037E+03   0.33373E+01   0.32172E+01
   0.43670E+03   0.31746E+01   0.30564E+01
   0.44303E+03   0.30197E+01   0.29035E+01
   0.44936E+03   0.28725E+01   0.27584E+01
   0.45569E+03   0.27324E+01   0.26204E+01
   0.46202E+03   0.25991E+01   0.24894E+01
   0.46835E+03   0.24724E+01   0.23650E+01
   0.47468E+03   0.23518E+01   0.22467E+01
   0.48100E+03   0.22371E+01   0.21344E+01
   0.48733E+03   0.21280E+01   0.20277E+01
   0.49366E+03   0.20242E+01   0.19263E+01
   0.49999E+03   0.19255E+01   0.18300E+01
   0.50632E+03   0.18316E+01   0.17385E+01
   0.51265E+03   0.17422E+01   0.16515E+01
   0.51898E+03   0.16573E+01   0.15690E+01
   0.52531E+03   0.15764E+01   0.14905E+01
   0.53164E+03   0.14996E+01   0.14160E+01
   0.53797E+03   0.14264E+01   0.13452E+01
   0.54429E+03   0.13569E+01   0.12779E+01
   0.55062E+03   0.12907E+01   0.12140E+01
   0.55695E+03   0.12277E+01   0.11533E+01
   0.56328E+03   0.11679E+01   0.10957E+01
   0.56961E+03   0.11109E+01   0.10409E+01
   0.57594E+03   0.10567E+01   0.98884E+00
   0.58227E+03   0.10052E+01   0.93939E+00
   0.58860E+03   0.95616E+00   0.89242E+00
   0.59493E+03   0.90953E+00   0.84780E+00
   0.60126E+03   0.86517E+00   0.80541E+00
   0.60758E+03   0.82297E+00   0.76514E+00
   0.61391E+03   0.78284E+00   0.72688E+00
   0.62024E+03   0.74466E+00   0.69054E+00
   0.62657E+03   0.70834E+00   0.65601E+00
   0.63290E+03   0.67379E+00   0.62321E+00
