   0.10000E+01   0.00000E+00
   0.20000E+01   0.12217E+01
   0.30000E+01   0.18734E+01
   0.40000E+01   0.23467E+01
   0.50000E+01   0.27355E+01
   0.60000E+01   0.30740E+01
   0.70000E+01   0.33782E+01
   0.80000E+01   0.36569E+01
   0.90000E+01   0.39157E+01
   0.10000E+02   0.41583E+01
   0.11000E+02   0.43876E+01
   0.12000E+02   0.46054E+01
   0.13000E+02   0.48133E+01
   0.14000E+02   0.50126E+01
   0.15000E+02   0.52043E+01
   0.16000E+02   0.53891E+01
   0.17000E+02   0.55678E+01
   0.18000E+02   0.57410E+01
   0.19000E+02   0.59091E+01
   0.20000E+02   0.60725E+01
   0.21000E+02   0.62316E+01
   0.22000E+02   0.63868E+01
   0.23000E+02   0.65383E+01
   0.24000E+02   0.66863E+01
   0.25000E+02   0.68312E+01
   0.26000E+02   0.69730E+01
   0.27000E+02   0.71120E+01
   0.28000E+02   0.72484E+01
   0.29000E+02   0.73822E+01
   0.30000E+02   0.75136E+01
   0.31000E+02   0.76428E+01
   0.32000E+02   0.77699E+01
   0.33000E+02   0.78948E+01
   0.34000E+02   0.80179E+01
   0.35000E+02   0.81391E+01
   0.36000E+02   0.82585E+01
   0.37000E+02   0.83762E+01
   0.38000E+02   0.84922E+01
   0.39000E+02   0.86067E+01
   0.40000E+02   0.87197E+01
   0.41000E+02   0.88313E+01
   0.42000E+02   0.89414E+01
   0.43000E+02   0.90503E+01
   0.44000E+02   0.91578E+01
   0.45000E+02   0.92641E+01
   0.46000E+02   0.93692E+01
   0.47000E+02   0.94731E+01
   0.48000E+02   0.95758E+01
   0.49000E+02   0.96775E+01
   0.50000E+02   0.97782E+01
   0.51000E+02   0.98778E+01
   0.52000E+02   0.99764E+01
   0.53000E+02   0.10074E+02
   0.54000E+02   0.10171E+02
   0.55000E+02   0.10267E+02
   0.56000E+02   0.10361E+02
   0.57000E+02   0.10456E+02
   0.58000E+02   0.10549E+02
   0.59000E+02   0.10641E+02
   0.60000E+02   0.10733E+02
   0.61000E+02   0.10824E+02
   0.62000E+02   0.10914E+02
   0.63000E+02   0.11003E+02
   0.64000E+02   0.11092E+02
   0.65000E+02   0.11179E+02
   0.66000E+02   0.11267E+02
   0.67000E+02   0.11353E+02
   0.68000E+02   0.11439E+02
   0.69000E+02   0.11524E+02
   0.70000E+02   0.11609E+02
   0.71000E+02   0.11693E+02
   0.72000E+02   0.11776E+02
   0.73000E+02   0.11859E+02
   0.74000E+02   0.11942E+02
   0.75000E+02   0.12023E+02
   0.76000E+02   0.12104E+02
   0.77000E+02   0.12185E+02
   0.78000E+02   0.12265E+02
   0.79000E+02   0.12345E+02
   0.80000E+02   0.12424E+02
   0.81000E+02   0.12502E+02
   0.82000E+02   0.12580E+02
   0.83000E+02   0.12658E+02
   0.84000E+02   0.12735E+02
   0.85000E+02   0.12812E+02
   0.86000E+02   0.12888E+02
   0.87000E+02   0.12963E+02
   0.88000E+02   0.13039E+02
   0.89000E+02   0.13114E+02
   0.90000E+02   0.13188E+02
   0.91000E+02   0.13262E+02
   0.92000E+02   0.13336E+02
   0.93000E+02   0.13409E+02
   0.94000E+02   0.13482E+02
   0.95000E+02   0.13554E+02
   0.96000E+02   0.13626E+02
   0.97000E+02   0.13698E+02
   0.98000E+02   0.13769E+02
   0.99000E+02   0.13840E+02
   0.10000E+03   0.13910E+02
   0.10100E+03   0.13981E+02
   0.10200E+03   0.14050E+02
   0.10300E+03   0.14120E+02
   0.10400E+03   0.14189E+02
   0.10500E+03   0.14258E+02
   0.10600E+03   0.14326E+02
   0.10700E+03   0.14394E+02
   0.10800E+03   0.14462E+02
   0.10900E+03   0.14530E+02
   0.11000E+03   0.14597E+02
   0.11100E+03   0.14664E+02
   0.11200E+03   0.14730E+02
   0.11300E+03   0.14797E+02
   0.11400E+03   0.14863E+02
   0.11500E+03   0.14928E+02
   0.11600E+03   0.14994E+02
   0.11700E+03   0.15059E+02
   0.11800E+03   0.15124E+02
   0.11900E+03   0.15188E+02
   0.12000E+03   0.15252E+02
   0.12100E+03   0.15316E+02
   0.12200E+03   0.15380E+02
   0.12300E+03   0.15444E+02
   0.12400E+03   0.15507E+02
   0.12500E+03   0.15570E+02
   0.12600E+03   0.15632E+02
   0.12700E+03   0.15695E+02
   0.12800E+03   0.15757E+02
   0.12900E+03   0.15819E+02
   0.13000E+03   0.15880E+02
   0.13100E+03   0.15942E+02
   0.13200E+03   0.16003E+02
   0.13300E+03   0.16064E+02
   0.13400E+03   0.16125E+02
   0.13500E+03   0.16185E+02
   0.13600E+03   0.16245E+02
   0.13700E+03   0.16306E+02
   0.13800E+03   0.16365E+02
   0.13900E+03   0.16425E+02
   0.14000E+03   0.16484E+02
   0.14100E+03   0.16543E+02
   0.14200E+03   0.16602E+02
   0.14300E+03   0.16661E+02
   0.14400E+03   0.16720E+02
   0.14500E+03   0.16778E+02
   0.14600E+03   0.16836E+02
   0.14700E+03   0.16894E+02
   0.14800E+03   0.16951E+02
   0.14900E+03   0.17009E+02
   0.15000E+03   0.17066E+02
   0.15100E+03   0.17123E+02
   0.15200E+03   0.17180E+02
   0.15300E+03   0.17237E+02
   0.15400E+03   0.17293E+02
   0.15500E+03   0.17350E+02
   0.15600E+03   0.17406E+02
   0.15700E+03   0.17462E+02
   0.15800E+03   0.17517E+02
   0.15900E+03   0.17573E+02
   0.16000E+03   0.17628E+02
   0.16100E+03   0.17684E+02
   0.16200E+03   0.17739E+02
   0.16300E+03   0.17793E+02
   0.16400E+03   0.17848E+02
   0.16500E+03   0.17903E+02
   0.16600E+03   0.17957E+02
   0.16700E+03   0.18011E+02
   0.16800E+03   0.18065E+02
   0.16900E+03   0.18119E+02
   0.17000E+03   0.18173E+02
   0.17100E+03   0.18226E+02
   0.17200E+03   0.18279E+02
   0.17300E+03   0.18332E+02
   0.17400E+03   0.18385E+02
   0.17500E+03   0.18438E+02
   0.17600E+03   0.18491E+02
   0.17700E+03   0.18543E+02
   0.17800E+03   0.18596E+02
   0.17900E+03   0.18648E+02
   0.18000E+03   0.18700E+02
   0.18100E+03   0.18752E+02
   0.18200E+03   0.18804E+02
   0.18300E+03   0.18855E+02
   0.18400E+03   0.18907E+02
   0.18500E+03   0.18958E+02
   0.18600E+03   0.19009E+02
   0.18700E+03   0.19060E+02
   0.18800E+03   0.19111E+02
   0.18900E+03   0.19162E+02
   0.19000E+03   0.19212E+02
   0.19100E+03   0.19263E+02
   0.19200E+03   0.19313E+02
   0.19300E+03   0.19363E+02
   0.19400E+03   0.19413E+02
   0.19500E+03   0.19463E+02
   0.19600E+03   0.19513E+02
   0.19700E+03   0.19562E+02
   0.19800E+03   0.19612E+02
   0.19900E+03   0.19661E+02
   0.20000E+03   0.19710E+02
   0.20100E+03   0.19759E+02
   0.20200E+03   0.19808E+02
   0.20300E+03   0.19857E+02
   0.20400E+03   0.19905E+02
   0.20500E+03   0.19954E+02
   0.20600E+03   0.20002E+02
   0.20700E+03   0.20051E+02
   0.20800E+03   0.20099E+02
   0.20900E+03   0.20147E+02
   0.21000E+03   0.20195E+02
   0.21100E+03   0.20242E+02
   0.21200E+03   0.20290E+02
   0.21300E+03   0.20338E+02
   0.21400E+03   0.20385E+02
   0.21500E+03   0.20432E+02
   0.21600E+03   0.20479E+02
   0.21700E+03   0.20526E+02
   0.21800E+03   0.20573E+02
   0.21900E+03   0.20620E+02
   0.22000E+03   0.20667E+02
   0.22100E+03   0.20713E+02
   0.22200E+03   0.20760E+02
   0.22300E+03   0.20806E+02
   0.22400E+03   0.20852E+02
   0.22500E+03   0.20898E+02
   0.22600E+03   0.20944E+02
   0.22700E+03   0.20990E+02
   0.22800E+03   0.21036E+02
   0.22900E+03   0.21082E+02
   0.23000E+03   0.21127E+02
   0.23100E+03   0.21173E+02
   0.23200E+03   0.21218E+02
   0.23300E+03   0.21263E+02
   0.23400E+03   0.21308E+02
   0.23500E+03   0.21353E+02
   0.23600E+03   0.21398E+02
   0.23700E+03   0.21443E+02
   0.23800E+03   0.21488E+02
   0.23900E+03   0.21532E+02
   0.24000E+03   0.21577E+02
   0.24100E+03   0.21621E+02
   0.24200E+03   0.21665E+02
   0.24300E+03   0.21709E+02
   0.24400E+03   0.21753E+02
   0.24500E+03   0.21797E+02
   0.24600E+03   0.21841E+02
   0.24700E+03   0.21885E+02
   0.24800E+03   0.21929E+02
   0.24900E+03   0.21972E+02
   0.25000E+03   0.22016E+02
   0.25100E+03   0.22059E+02
   0.25200E+03   0.22102E+02
   0.25300E+03   0.22145E+02
   0.25400E+03   0.22188E+02
   0.25500E+03   0.22231E+02
   0.25600E+03   0.22274E+02
   0.25700E+03   0.22317E+02
   0.25800E+03   0.22360E+02
   0.25900E+03   0.22402E+02
   0.26000E+03   0.22445E+02
   0.26100E+03   0.22487E+02
   0.26200E+03   0.22529E+02
   0.26300E+03   0.22572E+02
   0.26400E+03   0.22614E+02
   0.26500E+03   0.22656E+02
   0.26600E+03   0.22698E+02
   0.26700E+03   0.22739E+02
   0.26800E+03   0.22781E+02
   0.26900E+03   0.22823E+02
   0.27000E+03   0.22864E+02
   0.27100E+03   0.22906E+02
   0.27200E+03   0.22947E+02
   0.27300E+03   0.22989E+02
   0.27400E+03   0.23030E+02
   0.27500E+03   0.23071E+02
   0.27600E+03   0.23112E+02
   0.27700E+03   0.23153E+02
   0.27800E+03   0.23194E+02
   0.27900E+03   0.23234E+02
   0.28000E+03   0.23275E+02
   0.28100E+03   0.23316E+02
   0.28200E+03   0.23356E+02
   0.28300E+03   0.23397E+02
   0.28400E+03   0.23437E+02
   0.28500E+03   0.23477E+02
   0.28600E+03   0.23517E+02
   0.28700E+03   0.23558E+02
   0.28800E+03   0.23598E+02
   0.28900E+03   0.23638E+02
   0.29000E+03   0.23677E+02
   0.29100E+03   0.23717E+02
   0.29200E+03   0.23757E+02
   0.29300E+03   0.23796E+02
   0.29400E+03   0.23836E+02
   0.29500E+03   0.23875E+02
   0.29600E+03   0.23915E+02
   0.29700E+03   0.23954E+02
   0.29800E+03   0.23993E+02
   0.29900E+03   0.24032E+02
   0.30000E+03   0.24071E+02
   0.30100E+03   0.24110E+02
   0.30200E+03   0.24149E+02
   0.30300E+03   0.24188E+02
   0.30400E+03   0.24227E+02
   0.30500E+03   0.24266E+02
   0.30600E+03   0.24304E+02
   0.30700E+03   0.24343E+02
   0.30800E+03   0.24381E+02
   0.30900E+03   0.24420E+02
   0.31000E+03   0.24458E+02
   0.31100E+03   0.24496E+02
   0.31200E+03   0.24534E+02
   0.31300E+03   0.24572E+02
   0.31400E+03   0.24610E+02
   0.31500E+03   0.24648E+02
   0.31600E+03   0.24686E+02
   0.31700E+03   0.24724E+02
   0.31800E+03   0.24762E+02
   0.31900E+03   0.24799E+02
   0.32000E+03   0.24837E+02
   0.32100E+03   0.24874E+02
   0.32200E+03   0.24912E+02
   0.32300E+03   0.24949E+02
   0.32400E+03   0.24986E+02
   0.32500E+03   0.25023E+02
   0.32600E+03   0.25061E+02
   0.32700E+03   0.25098E+02
   0.32800E+03   0.25135E+02
   0.32900E+03   0.25172E+02
   0.33000E+03   0.25208E+02
   0.33100E+03   0.25245E+02
   0.33200E+03   0.25282E+02
   0.33300E+03   0.25319E+02
   0.33400E+03   0.25355E+02
   0.33500E+03   0.25392E+02
   0.33600E+03   0.25428E+02
   0.33700E+03   0.25465E+02
   0.33800E+03   0.25501E+02
   0.33900E+03   0.25537E+02
   0.34000E+03   0.25573E+02
   0.34100E+03   0.25610E+02
   0.34200E+03   0.25646E+02
   0.34300E+03   0.25682E+02
   0.34400E+03   0.25717E+02
   0.34500E+03   0.25753E+02
   0.34600E+03   0.25789E+02
   0.34700E+03   0.25825E+02
   0.34800E+03   0.25861E+02
   0.34900E+03   0.25896E+02
   0.35000E+03   0.25932E+02
   0.35100E+03   0.25967E+02
   0.35200E+03   0.26003E+02
   0.35300E+03   0.26038E+02
   0.35400E+03   0.26073E+02
   0.35500E+03   0.26108E+02
   0.35600E+03   0.26144E+02
   0.35700E+03   0.26179E+02
   0.35800E+03   0.26214E+02
   0.35900E+03   0.26249E+02
   0.36000E+03   0.26284E+02
   0.36100E+03   0.26319E+02
   0.36200E+03   0.26353E+02
   0.36300E+03   0.26388E+02
   0.36400E+03   0.26423E+02
   0.36500E+03   0.26457E+02
   0.36600E+03   0.26492E+02
   0.36700E+03   0.26526E+02
   0.36800E+03   0.26561E+02
   0.36900E+03   0.26595E+02
   0.37000E+03   0.26630E+02
   0.37100E+03   0.26664E+02
   0.37200E+03   0.26698E+02
   0.37300E+03   0.26732E+02
   0.37400E+03   0.26766E+02
   0.37500E+03   0.26800E+02
   0.37600E+03   0.26834E+02
   0.37700E+03   0.26868E+02
   0.37800E+03   0.26902E+02
   0.37900E+03   0.26936E+02
   0.38000E+03   0.26970E+02
   0.38100E+03   0.27003E+02
   0.38200E+03   0.27037E+02
   0.38300E+03   0.27070E+02
   0.38400E+03   0.27104E+02
   0.38500E+03   0.27137E+02
   0.38600E+03   0.27171E+02
   0.38700E+03   0.27204E+02
   0.38800E+03   0.27237E+02
   0.38900E+03   0.27271E+02
   0.39000E+03   0.27304E+02
   0.39100E+03   0.27337E+02
   0.39200E+03   0.27370E+02
   0.39300E+03   0.27403E+02
   0.39400E+03   0.27436E+02
   0.39500E+03   0.27469E+02
   0.39600E+03   0.27502E+02
   0.39700E+03   0.27535E+02
   0.39800E+03   0.27567E+02
   0.39900E+03   0.27600E+02
   0.40000E+03   0.27633E+02
   0.40100E+03   0.27665E+02
   0.40200E+03   0.27698E+02
   0.40300E+03   0.27730E+02
   0.40400E+03   0.27763E+02
   0.40500E+03   0.27795E+02
   0.40600E+03   0.27827E+02
   0.40700E+03   0.27860E+02
   0.40800E+03   0.27892E+02
   0.40900E+03   0.27924E+02
   0.41000E+03   0.27956E+02
   0.41100E+03   0.27988E+02
   0.41200E+03   0.28020E+02
   0.41300E+03   0.28052E+02
   0.41400E+03   0.28084E+02
   0.41500E+03   0.28116E+02
   0.41600E+03   0.28148E+02
   0.41700E+03   0.28180E+02
   0.41800E+03   0.28211E+02
   0.41900E+03   0.28243E+02
   0.42000E+03   0.28275E+02
   0.42100E+03   0.28306E+02
   0.42200E+03   0.28338E+02
   0.42300E+03   0.28369E+02
   0.42400E+03   0.28401E+02
   0.42500E+03   0.28432E+02
   0.42600E+03   0.28463E+02
   0.42700E+03   0.28495E+02
   0.42800E+03   0.28526E+02
   0.42900E+03   0.28557E+02
   0.43000E+03   0.28588E+02
   0.43100E+03   0.28619E+02
   0.43200E+03   0.28650E+02
   0.43300E+03   0.28681E+02
   0.43400E+03   0.28712E+02
   0.43500E+03   0.28743E+02
   0.43600E+03   0.28774E+02
   0.43700E+03   0.28805E+02
   0.43800E+03   0.28835E+02
   0.43900E+03   0.28866E+02
   0.44000E+03   0.28897E+02
   0.44100E+03   0.28927E+02
   0.44200E+03   0.28958E+02
   0.44300E+03   0.28988E+02
   0.44400E+03   0.29019E+02
   0.44500E+03   0.29049E+02
   0.44600E+03   0.29080E+02
   0.44700E+03   0.29110E+02
   0.44800E+03   0.29140E+02
   0.44900E+03   0.29171E+02
   0.45000E+03   0.29201E+02
   0.45100E+03   0.29231E+02
   0.45200E+03   0.29261E+02
   0.45300E+03   0.29291E+02
   0.45400E+03   0.29321E+02
   0.45500E+03   0.29351E+02
   0.45600E+03   0.29381E+02
   0.45700E+03   0.29411E+02
   0.45800E+03   0.29441E+02
   0.45900E+03   0.29470E+02
   0.46000E+03   0.29500E+02
   0.46100E+03   0.29530E+02
   0.46200E+03   0.29560E+02
   0.46300E+03   0.29589E+02
   0.46400E+03   0.29619E+02
   0.46500E+03   0.29648E+02
   0.46600E+03   0.29678E+02
   0.46700E+03   0.29707E+02
   0.46800E+03   0.29737E+02
   0.46900E+03   0.29766E+02
   0.47000E+03   0.29795E+02
   0.47100E+03   0.29825E+02
   0.47200E+03   0.29854E+02
   0.47300E+03   0.29883E+02
   0.47400E+03   0.29912E+02
   0.47500E+03   0.29941E+02
   0.47600E+03   0.29970E+02
   0.47700E+03   0.29999E+02
   0.47800E+03   0.30028E+02
   0.47900E+03   0.30057E+02
   0.48000E+03   0.30086E+02
   0.48100E+03   0.30115E+02
   0.48200E+03   0.30144E+02
   0.48300E+03   0.30173E+02
   0.48400E+03   0.30201E+02
   0.48500E+03   0.30230E+02
   0.48600E+03   0.30259E+02
   0.48700E+03   0.30287E+02
   0.48800E+03   0.30316E+02
   0.48900E+03   0.30345E+02
   0.49000E+03   0.30373E+02
   0.49100E+03   0.30401E+02
   0.49200E+03   0.30430E+02
   0.49300E+03   0.30458E+02
   0.49400E+03   0.30487E+02
   0.49500E+03   0.30515E+02
   0.49600E+03   0.30543E+02
   0.49700E+03   0.30571E+02
   0.49800E+03   0.30600E+02
   0.49900E+03   0.30628E+02
   0.50000E+03   0.30656E+02
   0.50100E+03   0.30684E+02
   0.50200E+03   0.30712E+02
   0.50300E+03   0.30740E+02
   0.50400E+03   0.30768E+02
   0.50500E+03   0.30796E+02
   0.50600E+03   0.30824E+02
   0.50700E+03   0.30851E+02
   0.50800E+03   0.30879E+02
   0.50900E+03   0.30907E+02
   0.51000E+03   0.30935E+02
   0.51100E+03   0.30962E+02
   0.51200E+03   0.30990E+02
   0.51300E+03   0.31018E+02
   0.51400E+03   0.31045E+02
   0.51500E+03   0.31073E+02
   0.51600E+03   0.31100E+02
   0.51700E+03   0.31128E+02
   0.51800E+03   0.31155E+02
   0.51900E+03   0.31182E+02
   0.52000E+03   0.31210E+02
   0.52100E+03   0.31237E+02
   0.52200E+03   0.31264E+02
   0.52300E+03   0.31292E+02
   0.52400E+03   0.31319E+02
   0.52500E+03   0.31346E+02
   0.52600E+03   0.31373E+02
   0.52700E+03   0.31400E+02
   0.52800E+03   0.31427E+02
   0.52900E+03   0.31454E+02
   0.53000E+03   0.31481E+02
   0.53100E+03   0.31508E+02
   0.53200E+03   0.31535E+02
   0.53300E+03   0.31562E+02
   0.53400E+03   0.31589E+02
   0.53500E+03   0.31616E+02
   0.53600E+03   0.31642E+02
   0.53700E+03   0.31669E+02
   0.53800E+03   0.31696E+02
   0.53900E+03   0.31722E+02
   0.54000E+03   0.31749E+02
   0.54100E+03   0.31776E+02
   0.54200E+03   0.31802E+02
   0.54300E+03   0.31829E+02
   0.54400E+03   0.31855E+02
   0.54500E+03   0.31882E+02
   0.54600E+03   0.31908E+02
   0.54700E+03   0.31934E+02
   0.54800E+03   0.31961E+02
   0.54900E+03   0.31987E+02
   0.55000E+03   0.32013E+02
   0.55100E+03   0.32040E+02
   0.55200E+03   0.32066E+02
   0.55300E+03   0.32092E+02
   0.55400E+03   0.32118E+02
   0.55500E+03   0.32144E+02
   0.55600E+03   0.32170E+02
   0.55700E+03   0.32196E+02
   0.55800E+03   0.32222E+02
   0.55900E+03   0.32248E+02
   0.56000E+03   0.32274E+02
   0.56100E+03   0.32300E+02
   0.56200E+03   0.32326E+02
   0.56300E+03   0.32352E+02
   0.56400E+03   0.32378E+02
   0.56500E+03   0.32404E+02
   0.56600E+03   0.32429E+02
   0.56700E+03   0.32455E+02
   0.56800E+03   0.32481E+02
   0.56900E+03   0.32506E+02
   0.57000E+03   0.32532E+02
   0.57100E+03   0.32558E+02
   0.57200E+03   0.32583E+02
   0.57300E+03   0.32609E+02
   0.57400E+03   0.32634E+02
   0.57500E+03   0.32660E+02
   0.57600E+03   0.32685E+02
   0.57700E+03   0.32710E+02
   0.57800E+03   0.32736E+02
   0.57900E+03   0.32761E+02
   0.58000E+03   0.32786E+02
   0.58100E+03   0.32812E+02
   0.58200E+03   0.32837E+02
   0.58300E+03   0.32862E+02
   0.58400E+03   0.32887E+02
   0.58500E+03   0.32913E+02
   0.58600E+03   0.32938E+02
   0.58700E+03   0.32963E+02
   0.58800E+03   0.32988E+02
   0.58900E+03   0.33013E+02
   0.59000E+03   0.33038E+02
   0.59100E+03   0.33063E+02
   0.59200E+03   0.33088E+02
   0.59300E+03   0.33113E+02
   0.59400E+03   0.33137E+02
   0.59500E+03   0.33162E+02
   0.59600E+03   0.33187E+02
   0.59700E+03   0.33212E+02
   0.59800E+03   0.33237E+02
   0.59900E+03   0.33261E+02
   0.60000E+03   0.33286E+02
   0.60100E+03   0.33311E+02
   0.60200E+03   0.33335E+02
   0.60300E+03   0.33360E+02
   0.60400E+03   0.33385E+02
   0.60500E+03   0.33409E+02
   0.60600E+03   0.33434E+02
   0.60700E+03   0.33458E+02
   0.60800E+03   0.33482E+02
   0.60900E+03   0.33507E+02
   0.61000E+03   0.33531E+02
   0.61100E+03   0.33556E+02
   0.61200E+03   0.33580E+02
   0.61300E+03   0.33604E+02
   0.61400E+03   0.33629E+02
   0.61500E+03   0.33653E+02
   0.61600E+03   0.33677E+02
   0.61700E+03   0.33701E+02
   0.61800E+03   0.33725E+02
   0.61900E+03   0.33750E+02
   0.62000E+03   0.33774E+02
   0.62100E+03   0.33798E+02
   0.62200E+03   0.33822E+02
   0.62300E+03   0.33846E+02
   0.62400E+03   0.33870E+02
   0.62500E+03   0.33894E+02
   0.62600E+03   0.33918E+02
   0.62700E+03   0.33942E+02
   0.62800E+03   0.33965E+02
   0.62900E+03   0.33989E+02
   0.63000E+03   0.34013E+02
   0.63100E+03   0.34037E+02
   0.63200E+03   0.34061E+02
   0.63300E+03   0.34084E+02
   0.63400E+03   0.34108E+02
   0.63500E+03   0.34132E+02
   0.63600E+03   0.34156E+02
   0.63700E+03   0.34179E+02
   0.63800E+03   0.34203E+02
   0.63900E+03   0.34226E+02
   0.64000E+03   0.34250E+02
   0.64100E+03   0.34273E+02
   0.64200E+03   0.34297E+02
   0.64300E+03   0.34320E+02
   0.64400E+03   0.34344E+02
   0.64500E+03   0.34367E+02
   0.64600E+03   0.34391E+02
   0.64700E+03   0.34414E+02
   0.64800E+03   0.34437E+02
   0.64900E+03   0.34461E+02
   0.65000E+03   0.34484E+02
   0.65100E+03   0.34507E+02
   0.65200E+03   0.34530E+02
   0.65300E+03   0.34554E+02
   0.65400E+03   0.34577E+02
   0.65500E+03   0.34600E+02
   0.65600E+03   0.34623E+02
   0.65700E+03   0.34646E+02
   0.65800E+03   0.34669E+02
   0.65900E+03   0.34692E+02
   0.66000E+03   0.34715E+02
   0.66100E+03   0.34738E+02
   0.66200E+03   0.34761E+02
   0.66300E+03   0.34784E+02
   0.66400E+03   0.34807E+02
   0.66500E+03   0.34830E+02
   0.66600E+03   0.34853E+02
   0.66700E+03   0.34876E+02
   0.66800E+03   0.34898E+02
   0.66900E+03   0.34921E+02
   0.67000E+03   0.34944E+02
   0.67100E+03   0.34967E+02
   0.67200E+03   0.34989E+02
   0.67300E+03   0.35012E+02
   0.67400E+03   0.35035E+02
   0.67500E+03   0.35057E+02
   0.67600E+03   0.35080E+02
   0.67700E+03   0.35103E+02
   0.67800E+03   0.35125E+02
   0.67900E+03   0.35148E+02
   0.68000E+03   0.35170E+02
   0.68100E+03   0.35193E+02
   0.68200E+03   0.35215E+02
   0.68300E+03   0.35238E+02
   0.68400E+03   0.35260E+02
   0.68500E+03   0.35282E+02
   0.68600E+03   0.35305E+02
   0.68700E+03   0.35327E+02
   0.68800E+03   0.35349E+02
   0.68900E+03   0.35372E+02
   0.69000E+03   0.35394E+02
   0.69100E+03   0.35416E+02
   0.69200E+03   0.35438E+02
   0.69300E+03   0.35461E+02
   0.69400E+03   0.35483E+02
   0.69500E+03   0.35505E+02
   0.69600E+03   0.35527E+02
   0.69700E+03   0.35549E+02
   0.69800E+03   0.35571E+02
   0.69900E+03   0.35593E+02
   0.70000E+03   0.35615E+02
   0.70100E+03   0.35637E+02
   0.70200E+03   0.35659E+02
   0.70300E+03   0.35681E+02
   0.70400E+03   0.35703E+02
   0.70500E+03   0.35725E+02
   0.70600E+03   0.35747E+02
   0.70700E+03   0.35769E+02
   0.70800E+03   0.35791E+02
   0.70900E+03   0.35812E+02
   0.71000E+03   0.35834E+02
   0.71100E+03   0.35856E+02
   0.71200E+03   0.35878E+02
   0.71300E+03   0.35899E+02
   0.71400E+03   0.35921E+02
   0.71500E+03   0.35943E+02
   0.71600E+03   0.35964E+02
   0.71700E+03   0.35986E+02
   0.71800E+03   0.36008E+02
   0.71900E+03   0.36029E+02
   0.72000E+03   0.36051E+02
   0.72100E+03   0.36072E+02
   0.72200E+03   0.36094E+02
   0.72300E+03   0.36115E+02
   0.72400E+03   0.36137E+02
   0.72500E+03   0.36158E+02
   0.72600E+03   0.36180E+02
   0.72700E+03   0.36201E+02
   0.72800E+03   0.36222E+02
   0.72900E+03   0.36244E+02
   0.73000E+03   0.36265E+02
   0.73100E+03   0.36286E+02
   0.73200E+03   0.36308E+02
   0.73300E+03   0.36329E+02
   0.73400E+03   0.36350E+02
   0.73500E+03   0.36372E+02
   0.73600E+03   0.36393E+02
   0.73700E+03   0.36414E+02
   0.73800E+03   0.36435E+02
   0.73900E+03   0.36456E+02
   0.74000E+03   0.36477E+02
   0.74100E+03   0.36498E+02
   0.74200E+03   0.36519E+02
   0.74300E+03   0.36540E+02
   0.74400E+03   0.36562E+02
   0.74500E+03   0.36583E+02
   0.74600E+03   0.36604E+02
   0.74700E+03   0.36624E+02
   0.74800E+03   0.36645E+02
   0.74900E+03   0.36666E+02
   0.75000E+03   0.36687E+02
   0.75100E+03   0.36708E+02
   0.75200E+03   0.36729E+02
   0.75300E+03   0.36750E+02
   0.75400E+03   0.36771E+02
   0.75500E+03   0.36791E+02
   0.75600E+03   0.36812E+02
   0.75700E+03   0.36833E+02
   0.75800E+03   0.36854E+02
   0.75900E+03   0.36874E+02
   0.76000E+03   0.36895E+02
   0.76100E+03   0.36916E+02
   0.76200E+03   0.36936E+02
   0.76300E+03   0.36957E+02
   0.76400E+03   0.36978E+02
   0.76500E+03   0.36998E+02
   0.76600E+03   0.37019E+02
   0.76700E+03   0.37039E+02
   0.76800E+03   0.37060E+02
   0.76900E+03   0.37080E+02
   0.77000E+03   0.37101E+02
   0.77100E+03   0.37121E+02
   0.77200E+03   0.37142E+02
   0.77300E+03   0.37162E+02
   0.77400E+03   0.37182E+02
   0.77500E+03   0.37203E+02
   0.77600E+03   0.37223E+02
   0.77700E+03   0.37244E+02
   0.77800E+03   0.37264E+02
   0.77900E+03   0.37284E+02
   0.78000E+03   0.37304E+02
   0.78100E+03   0.37325E+02
   0.78200E+03   0.37345E+02
   0.78300E+03   0.37365E+02
   0.78400E+03   0.37385E+02
   0.78500E+03   0.37406E+02
   0.78600E+03   0.37426E+02
   0.78700E+03   0.37446E+02
   0.78800E+03   0.37466E+02
   0.78900E+03   0.37486E+02
   0.79000E+03   0.37506E+02
   0.79100E+03   0.37526E+02
   0.79200E+03   0.37546E+02
   0.79300E+03   0.37566E+02
   0.79400E+03   0.37586E+02
   0.79500E+03   0.37606E+02
   0.79600E+03   0.37626E+02
   0.79700E+03   0.37646E+02
   0.79800E+03   0.37666E+02
   0.79900E+03   0.37686E+02
   0.80000E+03   0.37706E+02
   0.80100E+03   0.37726E+02
   0.80200E+03   0.37746E+02
   0.80300E+03   0.37765E+02
   0.80400E+03   0.37785E+02
   0.80500E+03   0.37805E+02
   0.80600E+03   0.37825E+02
   0.80700E+03   0.37844E+02
   0.80800E+03   0.37864E+02
   0.80900E+03   0.37884E+02
   0.81000E+03   0.37904E+02
   0.81100E+03   0.37923E+02
   0.81200E+03   0.37943E+02
   0.81300E+03   0.37963E+02
   0.81400E+03   0.37982E+02
   0.81500E+03   0.38002E+02
   0.81600E+03   0.38021E+02
   0.81700E+03   0.38041E+02
   0.81800E+03   0.38060E+02
   0.81900E+03   0.38080E+02
   0.82000E+03   0.38099E+02
   0.82100E+03   0.38119E+02
   0.82200E+03   0.38138E+02
   0.82300E+03   0.38158E+02
   0.82400E+03   0.38177E+02
   0.82500E+03   0.38197E+02
   0.82600E+03   0.38216E+02
   0.82700E+03   0.38235E+02
   0.82800E+03   0.38255E+02
   0.82900E+03   0.38274E+02
   0.83000E+03   0.38293E+02
   0.83100E+03   0.38313E+02
   0.83200E+03   0.38332E+02
   0.83300E+03   0.38351E+02
   0.83400E+03   0.38371E+02
   0.83500E+03   0.38390E+02
   0.83600E+03   0.38409E+02
   0.83700E+03   0.38428E+02
   0.83800E+03   0.38447E+02
   0.83900E+03   0.38467E+02
   0.84000E+03   0.38486E+02
   0.84100E+03   0.38505E+02
   0.84200E+03   0.38524E+02
   0.84300E+03   0.38543E+02
   0.84400E+03   0.38562E+02
   0.84500E+03   0.38581E+02
   0.84600E+03   0.38600E+02
   0.84700E+03   0.38619E+02
   0.84800E+03   0.38638E+02
   0.84900E+03   0.38657E+02
   0.85000E+03   0.38676E+02
   0.85100E+03   0.38695E+02
   0.85200E+03   0.38714E+02
   0.85300E+03   0.38733E+02
   0.85400E+03   0.38752E+02
   0.85500E+03   0.38771E+02
   0.85600E+03   0.38789E+02
   0.85700E+03   0.38808E+02
   0.85800E+03   0.38827E+02
   0.85900E+03   0.38846E+02
   0.86000E+03   0.38865E+02
   0.86100E+03   0.38883E+02
   0.86200E+03   0.38902E+02
   0.86300E+03   0.38921E+02
   0.86400E+03   0.38940E+02
   0.86500E+03   0.38958E+02
   0.86600E+03   0.38977E+02
   0.86700E+03   0.38996E+02
   0.86800E+03   0.39014E+02
   0.86900E+03   0.39033E+02
   0.87000E+03   0.39052E+02
   0.87100E+03   0.39070E+02
   0.87200E+03   0.39089E+02
   0.87300E+03   0.39107E+02
   0.87400E+03   0.39126E+02
   0.87500E+03   0.39144E+02
   0.87600E+03   0.39163E+02
   0.87700E+03   0.39181E+02
   0.87800E+03   0.39200E+02
   0.87900E+03   0.39218E+02
   0.88000E+03   0.39237E+02
   0.88100E+03   0.39255E+02
   0.88200E+03   0.39274E+02
   0.88300E+03   0.39292E+02
   0.88400E+03   0.39310E+02
   0.88500E+03   0.39329E+02
   0.88600E+03   0.39347E+02
   0.88700E+03   0.39366E+02
   0.88800E+03   0.39384E+02
   0.88900E+03   0.39402E+02
   0.89000E+03   0.39420E+02
   0.89100E+03   0.39439E+02
   0.89200E+03   0.39457E+02
   0.89300E+03   0.39475E+02
   0.89400E+03   0.39493E+02
   0.89500E+03   0.39512E+02
   0.89600E+03   0.39530E+02
   0.89700E+03   0.39548E+02
   0.89800E+03   0.39566E+02
   0.89900E+03   0.39584E+02
   0.90000E+03   0.39602E+02
   0.90100E+03   0.39620E+02
   0.90200E+03   0.39639E+02
   0.90300E+03   0.39657E+02
   0.90400E+03   0.39675E+02
   0.90500E+03   0.39693E+02
   0.90600E+03   0.39711E+02
   0.90700E+03   0.39729E+02
   0.90800E+03   0.39747E+02
   0.90900E+03   0.39765E+02
   0.91000E+03   0.39783E+02
   0.91100E+03   0.39801E+02
   0.91200E+03   0.39819E+02
   0.91300E+03   0.39836E+02
   0.91400E+03   0.39854E+02
   0.91500E+03   0.39872E+02
   0.91600E+03   0.39890E+02
   0.91700E+03   0.39908E+02
   0.91800E+03   0.39926E+02
   0.91900E+03   0.39944E+02
   0.92000E+03   0.39961E+02
   0.92100E+03   0.39979E+02
   0.92200E+03   0.39997E+02
   0.92300E+03   0.40015E+02
   0.92400E+03   0.40033E+02
   0.92500E+03   0.40050E+02
   0.92600E+03   0.40068E+02
   0.92700E+03   0.40086E+02
   0.92800E+03   0.40103E+02
   0.92900E+03   0.40121E+02
   0.93000E+03   0.40139E+02
   0.93100E+03   0.40156E+02
   0.93200E+03   0.40174E+02
   0.93300E+03   0.40192E+02
   0.93400E+03   0.40209E+02
   0.93500E+03   0.40227E+02
   0.93600E+03   0.40244E+02
   0.93700E+03   0.40262E+02
   0.93800E+03   0.40279E+02
   0.93900E+03   0.40297E+02
   0.94000E+03   0.40314E+02
   0.94100E+03   0.40332E+02
   0.94200E+03   0.40349E+02
   0.94300E+03   0.40367E+02
   0.94400E+03   0.40384E+02
   0.94500E+03   0.40402E+02
   0.94600E+03   0.40419E+02
   0.94700E+03   0.40436E+02
   0.94800E+03   0.40454E+02
   0.94900E+03   0.40471E+02
   0.95000E+03   0.40489E+02
   0.95100E+03   0.40506E+02
   0.95200E+03   0.40523E+02
   0.95300E+03   0.40541E+02
   0.95400E+03   0.40558E+02
   0.95500E+03   0.40575E+02
   0.95600E+03   0.40592E+02
   0.95700E+03   0.40610E+02
   0.95800E+03   0.40627E+02
   0.95900E+03   0.40644E+02
   0.96000E+03   0.40661E+02
   0.96100E+03   0.40678E+02
   0.96200E+03   0.40696E+02
   0.96300E+03   0.40713E+02
   0.96400E+03   0.40730E+02
   0.96500E+03   0.40747E+02
   0.96600E+03   0.40764E+02
   0.96700E+03   0.40781E+02
   0.96800E+03   0.40798E+02
   0.96900E+03   0.40816E+02
   0.97000E+03   0.40833E+02
   0.97100E+03   0.40850E+02
   0.97200E+03   0.40867E+02
   0.97300E+03   0.40884E+02
   0.97400E+03   0.40901E+02
   0.97500E+03   0.40918E+02
   0.97600E+03   0.40935E+02
   0.97700E+03   0.40952E+02
   0.97800E+03   0.40969E+02
   0.97900E+03   0.40985E+02
   0.98000E+03   0.41002E+02
   0.98100E+03   0.41019E+02
   0.98200E+03   0.41036E+02
   0.98300E+03   0.41053E+02
   0.98400E+03   0.41070E+02
   0.98500E+03   0.41087E+02
   0.98600E+03   0.41104E+02
   0.98700E+03   0.41121E+02
   0.98800E+03   0.41137E+02
   0.98900E+03   0.41154E+02
   0.99000E+03   0.41171E+02
   0.99100E+03   0.41188E+02
   0.99200E+03   0.41204E+02
   0.99300E+03   0.41221E+02
   0.99400E+03   0.41238E+02
   0.99500E+03   0.41255E+02
   0.99600E+03   0.41271E+02
   0.99700E+03   0.41288E+02
   0.99800E+03   0.41305E+02
   0.99900E+03   0.41321E+02
