   0.10000E+01   0.00000E+00
   0.20000E+01   0.17113E-33
   0.30000E+01   0.42184E-33
   0.40000E+01   0.86754E-33
   0.50000E+01   0.17109E-32
   0.60000E+01   0.33311E-32
   0.70000E+01   0.64487E-32
   0.80000E+01   0.12436E-31
   0.90000E+01   0.23899E-31
   0.10000E+02   0.45778E-31
   0.11000E+02   0.87403E-31
   0.12000E+02   0.16634E-30
   0.13000E+02   0.31553E-30
   0.14000E+02   0.59661E-30
   0.15000E+02   0.11245E-29
   0.16000E+02   0.21125E-29
   0.17000E+02   0.39560E-29
   0.18000E+02   0.73846E-29
   0.19000E+02   0.13740E-28
   0.20000E+02   0.25485E-28
   0.21000E+02   0.47118E-28
   0.22000E+02   0.86835E-28
   0.23000E+02   0.15952E-27
   0.24000E+02   0.29213E-27
   0.25000E+02   0.53327E-27
   0.26000E+02   0.97039E-27
   0.27000E+02   0.17602E-26
   0.28000E+02   0.31829E-26
   0.29000E+02   0.57372E-26
   0.30000E+02   0.10309E-25
   0.31000E+02   0.18465E-25
   0.32000E+02   0.32971E-25
   0.33000E+02   0.58688E-25
   0.34000E+02   0.10414E-24
   0.35000E+02   0.18421E-24
   0.36000E+02   0.32483E-24
   0.37000E+02   0.57101E-24
   0.38000E+02   0.10006E-23
   0.39000E+02   0.17481E-23
   0.40000E+02   0.30444E-23
   0.41000E+02   0.52856E-23
   0.42000E+02   0.91484E-23
   0.43000E+02   0.15785E-22
   0.44000E+02   0.27152E-22
   0.45000E+02   0.46562E-22
   0.46000E+02   0.79601E-22
   0.47000E+02   0.13566E-21
   0.48000E+02   0.23051E-21
   0.49000E+02   0.39045E-21
   0.50000E+02   0.65936E-21
   0.51000E+02   0.11101E-20
   0.52000E+02   0.18631E-20
   0.53000E+02   0.31176E-20
   0.54000E+02   0.52008E-20
   0.55000E+02   0.86496E-20
   0.56000E+02   0.14342E-19
   0.57000E+02   0.23708E-19
   0.58000E+02   0.39072E-19
   0.59000E+02   0.64199E-19
   0.60000E+02   0.10517E-18
   0.61000E+02   0.17175E-18
   0.62000E+02   0.27966E-18
   0.63000E+02   0.45399E-18
   0.64000E+02   0.73479E-18
   0.65000E+02   0.11857E-17
   0.66000E+02   0.19075E-17
   0.67000E+02   0.30596E-17
   0.68000E+02   0.48930E-17
   0.69000E+02   0.78015E-17
   0.70000E+02   0.12402E-16
   0.71000E+02   0.19656E-16
   0.72000E+02   0.31061E-16
   0.73000E+02   0.48937E-16
   0.74000E+02   0.76872E-16
   0.75000E+02   0.12040E-15
   0.76000E+02   0.18801E-15
   0.77000E+02   0.29272E-15
   0.78000E+02   0.45440E-15
   0.79000E+02   0.70330E-15
   0.80000E+02   0.10853E-14
   0.81000E+02   0.16700E-14
   0.82000E+02   0.25620E-14
   0.83000E+02   0.39189E-14
   0.84000E+02   0.59769E-14
   0.85000E+02   0.90890E-14
   0.86000E+02   0.13781E-13
   0.87000E+02   0.20834E-13
   0.88000E+02   0.31405E-13
   0.89000E+02   0.47202E-13
   0.90000E+02   0.70738E-13
   0.91000E+02   0.10570E-12
   0.92000E+02   0.15749E-12
   0.93000E+02   0.23396E-12
   0.94000E+02   0.34656E-12
   0.95000E+02   0.51187E-12
   0.96000E+02   0.75385E-12
   0.97000E+02   0.11070E-11
   0.98000E+02   0.16209E-11
   0.99000E+02   0.23665E-11
   0.10000E+03   0.34452E-11
   0.10100E+03   0.50012E-11
   0.10200E+03   0.72389E-11
   0.10300E+03   0.10448E-10
   0.10400E+03   0.15036E-10
   0.10500E+03   0.21577E-10
   0.10600E+03   0.30875E-10
   0.10700E+03   0.44054E-10
   0.10800E+03   0.62679E-10
   0.10900E+03   0.88923E-10
   0.11000E+03   0.12580E-09
   0.11100E+03   0.17745E-09
   0.11200E+03   0.24961E-09
   0.11300E+03   0.35012E-09
   0.11400E+03   0.48969E-09
   0.11500E+03   0.68298E-09
   0.11600E+03   0.94985E-09
   0.11700E+03   0.13173E-08
   0.11800E+03   0.18217E-08
   0.11900E+03   0.25121E-08
   0.12000E+03   0.34545E-08
   0.12100E+03   0.47370E-08
   0.12200E+03   0.64773E-08
   0.12300E+03   0.88322E-08
   0.12400E+03   0.12010E-07
   0.12500E+03   0.16284E-07
   0.12600E+03   0.22018E-07
   0.12700E+03   0.29688E-07
   0.12800E+03   0.39919E-07
   0.12900E+03   0.53525E-07
   0.13000E+03   0.71569E-07
   0.13100E+03   0.95429E-07
   0.13200E+03   0.12689E-06
   0.13300E+03   0.16825E-06
   0.13400E+03   0.22249E-06
   0.13500E+03   0.29338E-06
   0.13600E+03   0.38580E-06
   0.13700E+03   0.50593E-06
   0.13800E+03   0.66163E-06
   0.13900E+03   0.86287E-06
   0.14000E+03   0.11222E-05
   0.14100E+03   0.14555E-05
   0.14200E+03   0.18826E-05
   0.14300E+03   0.24283E-05
   0.14400E+03   0.31236E-05
   0.14500E+03   0.40071E-05
   0.14600E+03   0.51264E-05
   0.14700E+03   0.65404E-05
   0.14800E+03   0.83218E-05
   0.14900E+03   0.10559E-04
   0.15000E+03   0.13363E-04
   0.15100E+03   0.16864E-04
   0.15200E+03   0.21225E-04
   0.15300E+03   0.26641E-04
   0.15400E+03   0.33349E-04
   0.15500E+03   0.41634E-04
   0.15600E+03   0.51837E-04
   0.15700E+03   0.64367E-04
   0.15800E+03   0.79710E-04
   0.15900E+03   0.98447E-04
   0.16000E+03   0.12126E-03
   0.16100E+03   0.14897E-03
   0.16200E+03   0.18251E-03
   0.16300E+03   0.22301E-03
   0.16400E+03   0.27178E-03
   0.16500E+03   0.33033E-03
   0.16600E+03   0.40042E-03
   0.16700E+03   0.48411E-03
   0.16800E+03   0.58375E-03
   0.16900E+03   0.70204E-03
   0.17000E+03   0.84207E-03
   0.17100E+03   0.10074E-02
   0.17200E+03   0.12020E-02
   0.17300E+03   0.14305E-02
   0.17400E+03   0.16979E-02
   0.17500E+03   0.20101E-02
   0.17600E+03   0.23735E-02
   0.17700E+03   0.27953E-02
   0.17800E+03   0.32836E-02
   0.17900E+03   0.38473E-02
   0.18000E+03   0.44961E-02
   0.18100E+03   0.52408E-02
   0.18200E+03   0.60932E-02
   0.18300E+03   0.70662E-02
   0.18400E+03   0.81737E-02
   0.18500E+03   0.94308E-02
   0.18600E+03   0.10854E-01
   0.18700E+03   0.12459E-01
   0.18800E+03   0.14267E-01
   0.18900E+03   0.16296E-01
   0.19000E+03   0.18566E-01
   0.19100E+03   0.21101E-01
   0.19200E+03   0.23921E-01
   0.19300E+03   0.27051E-01
   0.19400E+03   0.30516E-01
   0.19500E+03   0.34339E-01
   0.19600E+03   0.38547E-01
   0.19700E+03   0.43165E-01
   0.19800E+03   0.48218E-01
   0.19900E+03   0.53733E-01
   0.20000E+03   0.59734E-01
   0.20100E+03   0.66246E-01
   0.20200E+03   0.73292E-01
   0.20300E+03   0.80894E-01
   0.20400E+03   0.89074E-01
   0.20500E+03   0.97850E-01
   0.20600E+03   0.10724E+00
   0.20700E+03   0.11725E+00
   0.20800E+03   0.12790E+00
   0.20900E+03   0.13920E+00
   0.21000E+03   0.15115E+00
   0.21100E+03   0.16375E+00
   0.21200E+03   0.17699E+00
   0.21300E+03   0.19087E+00
   0.21400E+03   0.20538E+00
   0.21500E+03   0.22051E+00
   0.21600E+03   0.23621E+00
   0.21700E+03   0.25249E+00
   0.21800E+03   0.26929E+00
   0.21900E+03   0.28658E+00
   0.22000E+03   0.30432E+00
   0.22100E+03   0.32247E+00
   0.22200E+03   0.34097E+00
   0.22300E+03   0.35977E+00
   0.22400E+03   0.37881E+00
   0.22500E+03   0.39802E+00
   0.22600E+03   0.41734E+00
   0.22700E+03   0.43669E+00
   0.22800E+03   0.45601E+00
   0.22900E+03   0.47521E+00
   0.23000E+03   0.49421E+00
   0.23100E+03   0.51295E+00
   0.23200E+03   0.53133E+00
   0.23300E+03   0.54929E+00
   0.23400E+03   0.56673E+00
   0.23500E+03   0.58358E+00
   0.23600E+03   0.59976E+00
   0.23700E+03   0.61519E+00
   0.23800E+03   0.62981E+00
   0.23900E+03   0.64355E+00
   0.24000E+03   0.65632E+00
   0.24100E+03   0.66809E+00
   0.24200E+03   0.67877E+00
   0.24300E+03   0.68833E+00
   0.24400E+03   0.69672E+00
   0.24500E+03   0.70389E+00
   0.24600E+03   0.70980E+00
   0.24700E+03   0.71443E+00
   0.24800E+03   0.71776E+00
   0.24900E+03   0.71976E+00
   0.25000E+03   0.72043E+00
   0.25100E+03   0.71976E+00
   0.25200E+03   0.71776E+00
   0.25300E+03   0.71443E+00
   0.25400E+03   0.70980E+00
   0.25500E+03   0.70389E+00
   0.25600E+03   0.69672E+00
   0.25700E+03   0.68833E+00
   0.25800E+03   0.67877E+00
   0.25900E+03   0.66809E+00
   0.26000E+03   0.65632E+00
   0.26100E+03   0.64355E+00
   0.26200E+03   0.62981E+00
   0.26300E+03   0.61519E+00
   0.26400E+03   0.59976E+00
   0.26500E+03   0.58358E+00
   0.26600E+03   0.56673E+00
   0.26700E+03   0.54929E+00
   0.26800E+03   0.53133E+00
   0.26900E+03   0.51295E+00
   0.27000E+03   0.49421E+00
   0.27100E+03   0.47521E+00
   0.27200E+03   0.45601E+00
   0.27300E+03   0.43669E+00
   0.27400E+03   0.41734E+00
   0.27500E+03   0.39802E+00
   0.27600E+03   0.37881E+00
   0.27700E+03   0.35977E+00
   0.27800E+03   0.34097E+00
   0.27900E+03   0.32247E+00
   0.28000E+03   0.30432E+00
   0.28100E+03   0.28658E+00
   0.28200E+03   0.26929E+00
   0.28300E+03   0.25249E+00
   0.28400E+03   0.23621E+00
   0.28500E+03   0.22051E+00
   0.28600E+03   0.20538E+00
   0.28700E+03   0.19087E+00
   0.28800E+03   0.17699E+00
   0.28900E+03   0.16375E+00
   0.29000E+03   0.15115E+00
   0.29100E+03   0.13920E+00
   0.29200E+03   0.12790E+00
   0.29300E+03   0.11725E+00
   0.29400E+03   0.10724E+00
   0.29500E+03   0.97850E-01
   0.29600E+03   0.89074E-01
   0.29700E+03   0.80894E-01
   0.29800E+03   0.73292E-01
   0.29900E+03   0.66246E-01
   0.30000E+03   0.59734E-01
   0.30100E+03   0.53733E-01
   0.30200E+03   0.48218E-01
   0.30300E+03   0.43165E-01
   0.30400E+03   0.38547E-01
   0.30500E+03   0.34339E-01
   0.30600E+03   0.30516E-01
   0.30700E+03   0.27051E-01
   0.30800E+03   0.23921E-01
   0.30900E+03   0.21101E-01
   0.31000E+03   0.18566E-01
   0.31100E+03   0.16296E-01
   0.31200E+03   0.14267E-01
   0.31300E+03   0.12459E-01
   0.31400E+03   0.10854E-01
   0.31500E+03   0.94308E-02
   0.31600E+03   0.81737E-02
   0.31700E+03   0.70662E-02
   0.31800E+03   0.60932E-02
   0.31900E+03   0.52408E-02
   0.32000E+03   0.44961E-02
   0.32100E+03   0.38473E-02
   0.32200E+03   0.32836E-02
   0.32300E+03   0.27953E-02
   0.32400E+03   0.23735E-02
   0.32500E+03   0.20101E-02
   0.32600E+03   0.16979E-02
   0.32700E+03   0.14305E-02
   0.32800E+03   0.12020E-02
   0.32900E+03   0.10074E-02
   0.33000E+03   0.84207E-03
   0.33100E+03   0.70204E-03
   0.33200E+03   0.58375E-03
   0.33300E+03   0.48411E-03
   0.33400E+03   0.40042E-03
   0.33500E+03   0.33033E-03
   0.33600E+03   0.27178E-03
   0.33700E+03   0.22301E-03
   0.33800E+03   0.18251E-03
   0.33900E+03   0.14897E-03
   0.34000E+03   0.12126E-03
   0.34100E+03   0.98447E-04
   0.34200E+03   0.79710E-04
   0.34300E+03   0.64367E-04
   0.34400E+03   0.51837E-04
   0.34500E+03   0.41634E-04
   0.34600E+03   0.33349E-04
   0.34700E+03   0.26641E-04
   0.34800E+03   0.21225E-04
   0.34900E+03   0.16864E-04
   0.35000E+03   0.13363E-04
   0.35100E+03   0.10559E-04
   0.35200E+03   0.83218E-05
   0.35300E+03   0.65404E-05
   0.35400E+03   0.51264E-05
   0.35500E+03   0.40071E-05
   0.35600E+03   0.31236E-05
   0.35700E+03   0.24283E-05
   0.35800E+03   0.18826E-05
   0.35900E+03   0.14555E-05
   0.36000E+03   0.11222E-05
   0.36100E+03   0.86287E-06
   0.36200E+03   0.66163E-06
   0.36300E+03   0.50593E-06
   0.36400E+03   0.38580E-06
   0.36500E+03   0.29338E-06
   0.36600E+03   0.22249E-06
   0.36700E+03   0.16825E-06
   0.36800E+03   0.12689E-06
   0.36900E+03   0.95429E-07
   0.37000E+03   0.71568E-07
   0.37100E+03   0.53525E-07
   0.37200E+03   0.39919E-07
   0.37300E+03   0.29688E-07
   0.37400E+03   0.22018E-07
   0.37500E+03   0.16284E-07
   0.37600E+03   0.12010E-07
   0.37700E+03   0.88322E-08
   0.37800E+03   0.64773E-08
   0.37900E+03   0.47370E-08
   0.38000E+03   0.34545E-08
   0.38100E+03   0.25121E-08
   0.38200E+03   0.18217E-08
   0.38300E+03   0.13173E-08
   0.38400E+03   0.94985E-09
   0.38500E+03   0.68298E-09
   0.38600E+03   0.48969E-09
   0.38700E+03   0.35012E-09
   0.38800E+03   0.24961E-09
   0.38900E+03   0.17745E-09
   0.39000E+03   0.12580E-09
   0.39100E+03   0.88923E-10
   0.39200E+03   0.62679E-10
   0.39300E+03   0.44054E-10
   0.39400E+03   0.30875E-10
   0.39500E+03   0.21577E-10
   0.39600E+03   0.15036E-10
   0.39700E+03   0.10448E-10
   0.39800E+03   0.72389E-11
   0.39900E+03   0.50012E-11
   0.40000E+03   0.34452E-11
   0.40100E+03   0.23665E-11
   0.40200E+03   0.16209E-11
   0.40300E+03   0.11070E-11
   0.40400E+03   0.75385E-12
   0.40500E+03   0.51187E-12
   0.40600E+03   0.34656E-12
   0.40700E+03   0.23396E-12
   0.40800E+03   0.15749E-12
   0.40900E+03   0.10570E-12
   0.41000E+03   0.70738E-13
   0.41100E+03   0.47202E-13
   0.41200E+03   0.31405E-13
   0.41300E+03   0.20834E-13
   0.41400E+03   0.13781E-13
   0.41500E+03   0.90890E-14
   0.41600E+03   0.59769E-14
   0.41700E+03   0.39189E-14
   0.41800E+03   0.25620E-14
   0.41900E+03   0.16700E-14
   0.42000E+03   0.10853E-14
   0.42100E+03   0.70330E-15
   0.42200E+03   0.45440E-15
   0.42300E+03   0.29272E-15
   0.42400E+03   0.18801E-15
   0.42500E+03   0.12040E-15
   0.42600E+03   0.76872E-16
   0.42700E+03   0.48937E-16
   0.42800E+03   0.31061E-16
   0.42900E+03   0.19656E-16
   0.43000E+03   0.12402E-16
   0.43100E+03   0.78014E-17
   0.43200E+03   0.48930E-17
   0.43300E+03   0.30596E-17
   0.43400E+03   0.19075E-17
   0.43500E+03   0.11857E-17
   0.43600E+03   0.73479E-18
   0.43700E+03   0.45399E-18
   0.43800E+03   0.27966E-18
   0.43900E+03   0.17175E-18
   0.44000E+03   0.10517E-18
   0.44100E+03   0.64199E-19
   0.44200E+03   0.39072E-19
   0.44300E+03   0.23708E-19
   0.44400E+03   0.14342E-19
   0.44500E+03   0.86496E-20
   0.44600E+03   0.52007E-20
   0.44700E+03   0.31176E-20
   0.44800E+03   0.18631E-20
   0.44900E+03   0.11101E-20
   0.45000E+03   0.65936E-21
   0.45100E+03   0.39045E-21
   0.45200E+03   0.23051E-21
   0.45300E+03   0.13566E-21
   0.45400E+03   0.79601E-22
   0.45500E+03   0.46562E-22
   0.45600E+03   0.27152E-22
   0.45700E+03   0.15785E-22
   0.45800E+03   0.91484E-23
   0.45900E+03   0.52856E-23
   0.46000E+03   0.30444E-23
   0.46100E+03   0.17481E-23
   0.46200E+03   0.10006E-23
   0.46300E+03   0.57101E-24
   0.46400E+03   0.32483E-24
   0.46500E+03   0.18421E-24
   0.46600E+03   0.10414E-24
   0.46700E+03   0.58688E-25
   0.46800E+03   0.32971E-25
   0.46900E+03   0.18465E-25
   0.47000E+03   0.10309E-25
   0.47100E+03   0.57372E-26
   0.47200E+03   0.31829E-26
   0.47300E+03   0.17602E-26
   0.47400E+03   0.97039E-27
   0.47500E+03   0.53327E-27
   0.47600E+03   0.29213E-27
   0.47700E+03   0.15952E-27
   0.47800E+03   0.86835E-28
   0.47900E+03   0.47118E-28
   0.48000E+03   0.25485E-28
   0.48100E+03   0.13740E-28
   0.48200E+03   0.73846E-29
   0.48300E+03   0.39560E-29
   0.48400E+03   0.21125E-29
   0.48500E+03   0.11245E-29
   0.48600E+03   0.59661E-30
   0.48700E+03   0.31553E-30
   0.48800E+03   0.16634E-30
   0.48900E+03   0.87403E-31
   0.49000E+03   0.45779E-31
   0.49100E+03   0.23899E-31
   0.49200E+03   0.12436E-31
   0.49300E+03   0.64502E-32
   0.49400E+03   0.33340E-32
   0.49500E+03   0.17166E-32
   0.49600E+03   0.87887E-33
   0.49700E+03   0.44428E-33
   0.49800E+03   0.21545E-33
   0.49900E+03   0.87234E-34
   0.50000E+03   0.00000E+00
