   0.10000E+01   0.00000E+00
   0.20000E+01   0.27007E-20
   0.30000E+01   0.58090E-20
   0.40000E+01   0.97906E-20
   0.50000E+01   0.15236E-19
   0.60000E+01   0.22945E-19
   0.70000E+01   0.34037E-19
   0.80000E+01   0.50102E-19
   0.90000E+01   0.73426E-19
   0.10000E+02   0.10729E-18
   0.11000E+02   0.15641E-18
   0.12000E+02   0.22757E-18
   0.13000E+02   0.33048E-18
   0.14000E+02   0.47909E-18
   0.15000E+02   0.69328E-18
   0.16000E+02   0.10015E-17
   0.17000E+02   0.14442E-17
   0.18000E+02   0.20790E-17
   0.19000E+02   0.29876E-17
   0.20000E+02   0.42859E-17
   0.21000E+02   0.61377E-17
   0.22000E+02   0.87745E-17
   0.23000E+02   0.12522E-16
   0.24000E+02   0.17840E-16
   0.25000E+02   0.25372E-16
   0.26000E+02   0.36022E-16
   0.27000E+02   0.51054E-16
   0.28000E+02   0.72234E-16
   0.29000E+02   0.10202E-15
   0.30000E+02   0.14385E-15
   0.31000E+02   0.20248E-15
   0.32000E+02   0.28452E-15
   0.33000E+02   0.39910E-15
   0.34000E+02   0.55886E-15
   0.35000E+02   0.78124E-15
   0.36000E+02   0.10902E-14
   0.37000E+02   0.15188E-14
   0.38000E+02   0.21123E-14
   0.39000E+02   0.29326E-14
   0.40000E+02   0.40645E-14
   0.41000E+02   0.56236E-14
   0.42000E+02   0.77675E-14
   0.43000E+02   0.10710E-13
   0.44000E+02   0.14743E-13
   0.45000E+02   0.20260E-13
   0.46000E+02   0.27793E-13
   0.47000E+02   0.38062E-13
   0.48000E+02   0.52037E-13
   0.49000E+02   0.71022E-13
   0.50000E+02   0.96768E-13
   0.51000E+02   0.13162E-12
   0.52000E+02   0.17873E-12
   0.53000E+02   0.24228E-12
   0.54000E+02   0.32787E-12
   0.55000E+02   0.44294E-12
   0.56000E+02   0.59739E-12
   0.57000E+02   0.80432E-12
   0.58000E+02   0.10811E-11
   0.59000E+02   0.14507E-11
   0.60000E+02   0.19433E-11
   0.61000E+02   0.25988E-11
   0.62000E+02   0.34695E-11
   0.63000E+02   0.46241E-11
   0.64000E+02   0.61526E-11
   0.65000E+02   0.81725E-11
   0.66000E+02   0.10837E-10
   0.67000E+02   0.14347E-10
   0.68000E+02   0.18960E-10
   0.69000E+02   0.25016E-10
   0.70000E+02   0.32950E-10
   0.71000E+02   0.43327E-10
   0.72000E+02   0.56877E-10
   0.73000E+02   0.74539E-10
   0.74000E+02   0.97521E-10
   0.75000E+02   0.12738E-09
   0.76000E+02   0.16609E-09
   0.77000E+02   0.21621E-09
   0.78000E+02   0.28099E-09
   0.79000E+02   0.36456E-09
   0.80000E+02   0.47219E-09
   0.81000E+02   0.61058E-09
   0.82000E+02   0.78821E-09
   0.83000E+02   0.10158E-08
   0.84000E+02   0.13070E-08
   0.85000E+02   0.16788E-08
   0.86000E+02   0.21528E-08
   0.87000E+02   0.27560E-08
   0.88000E+02   0.35223E-08
   0.89000E+02   0.44943E-08
   0.90000E+02   0.57250E-08
   0.91000E+02   0.72805E-08
   0.92000E+02   0.92434E-08
   0.93000E+02   0.11716E-07
   0.94000E+02   0.14825E-07
   0.95000E+02   0.18729E-07
   0.96000E+02   0.23621E-07
   0.97000E+02   0.29742E-07
   0.98000E+02   0.37387E-07
   0.99000E+02   0.46920E-07
   0.10000E+03   0.58786E-07
   0.10100E+03   0.73532E-07
   0.10200E+03   0.91825E-07
   0.10300E+03   0.11448E-06
   0.10400E+03   0.14249E-06
   0.10500E+03   0.17706E-06
   0.10600E+03   0.21966E-06
   0.10700E+03   0.27205E-06
   0.10800E+03   0.33640E-06
   0.10900E+03   0.41528E-06
   0.11000E+03   0.51181E-06
   0.11100E+03   0.62975E-06
   0.11200E+03   0.77361E-06
   0.11300E+03   0.94877E-06
   0.11400E+03   0.11617E-05
   0.11500E+03   0.14201E-05
   0.11600E+03   0.17331E-05
   0.11700E+03   0.21116E-05
   0.11800E+03   0.25687E-05
   0.11900E+03   0.31196E-05
   0.12000E+03   0.37825E-05
   0.12100E+03   0.45789E-05
   0.12200E+03   0.55338E-05
   0.12300E+03   0.66771E-05
   0.12400E+03   0.80436E-05
   0.12500E+03   0.96740E-05
   0.12600E+03   0.11616E-04
   0.12700E+03   0.13925E-04
   0.12800E+03   0.16667E-04
   0.12900E+03   0.19916E-04
   0.13000E+03   0.23760E-04
   0.13100E+03   0.28301E-04
   0.13200E+03   0.33655E-04
   0.13300E+03   0.39957E-04
   0.13400E+03   0.47364E-04
   0.13500E+03   0.56054E-04
   0.13600E+03   0.66231E-04
   0.13700E+03   0.78131E-04
   0.13800E+03   0.92021E-04
   0.13900E+03   0.10821E-03
   0.14000E+03   0.12704E-03
   0.14100E+03   0.14891E-03
   0.14200E+03   0.17427E-03
   0.14300E+03   0.20362E-03
   0.14400E+03   0.23754E-03
   0.14500E+03   0.27666E-03
   0.14600E+03   0.32172E-03
   0.14700E+03   0.37353E-03
   0.14800E+03   0.43299E-03
   0.14900E+03   0.50113E-03
   0.15000E+03   0.57907E-03
   0.15100E+03   0.66808E-03
   0.15200E+03   0.76956E-03
   0.15300E+03   0.88506E-03
   0.15400E+03   0.10163E-02
   0.15500E+03   0.11652E-02
   0.15600E+03   0.13337E-02
   0.15700E+03   0.15243E-02
   0.15800E+03   0.17394E-02
   0.15900E+03   0.19818E-02
   0.16000E+03   0.22544E-02
   0.16100E+03   0.25605E-02
   0.16200E+03   0.29036E-02
   0.16300E+03   0.32877E-02
   0.16400E+03   0.37168E-02
   0.16500E+03   0.41953E-02
   0.16600E+03   0.47282E-02
   0.16700E+03   0.53206E-02
   0.16800E+03   0.59780E-02
   0.16900E+03   0.67062E-02
   0.17000E+03   0.75117E-02
   0.17100E+03   0.84010E-02
   0.17200E+03   0.93813E-02
   0.17300E+03   0.10460E-01
   0.17400E+03   0.11645E-01
   0.17500E+03   0.12944E-01
   0.17600E+03   0.14367E-01
   0.17700E+03   0.15922E-01
   0.17800E+03   0.17618E-01
   0.17900E+03   0.19466E-01
   0.18000E+03   0.21475E-01
   0.18100E+03   0.23655E-01
   0.18200E+03   0.26019E-01
   0.18300E+03   0.28575E-01
   0.18400E+03   0.31336E-01
   0.18500E+03   0.34312E-01
   0.18600E+03   0.37515E-01
   0.18700E+03   0.40956E-01
   0.18800E+03   0.44647E-01
   0.18900E+03   0.48598E-01
   0.19000E+03   0.52820E-01
   0.19100E+03   0.57326E-01
   0.19200E+03   0.62124E-01
   0.19300E+03   0.67225E-01
   0.19400E+03   0.72639E-01
   0.19500E+03   0.78374E-01
   0.19600E+03   0.84439E-01
   0.19700E+03   0.90841E-01
   0.19800E+03   0.97588E-01
   0.19900E+03   0.10468E+00
   0.20000E+03   0.11213E+00
   0.20100E+03   0.11994E+00
   0.20200E+03   0.12811E+00
   0.20300E+03   0.13664E+00
   0.20400E+03   0.14553E+00
   0.20500E+03   0.15477E+00
   0.20600E+03   0.16437E+00
   0.20700E+03   0.17432E+00
   0.20800E+03   0.18461E+00
   0.20900E+03   0.19523E+00
   0.21000E+03   0.20617E+00
   0.21100E+03   0.21742E+00
   0.21200E+03   0.22896E+00
   0.21300E+03   0.24078E+00
   0.21400E+03   0.25286E+00
   0.21500E+03   0.26517E+00
   0.21600E+03   0.27770E+00
   0.21700E+03   0.29042E+00
   0.21800E+03   0.30330E+00
   0.21900E+03   0.31632E+00
   0.22000E+03   0.32945E+00
   0.22100E+03   0.34266E+00
   0.22200E+03   0.35590E+00
   0.22300E+03   0.36916E+00
   0.22400E+03   0.38238E+00
   0.22500E+03   0.39555E+00
   0.22600E+03   0.40862E+00
   0.22700E+03   0.42155E+00
   0.22800E+03   0.43430E+00
   0.22900E+03   0.44683E+00
   0.23000E+03   0.45911E+00
   0.23100E+03   0.47110E+00
   0.23200E+03   0.48276E+00
   0.23300E+03   0.49404E+00
   0.23400E+03   0.50491E+00
   0.23500E+03   0.51534E+00
   0.23600E+03   0.52528E+00
   0.23700E+03   0.53471E+00
   0.23800E+03   0.54358E+00
   0.23900E+03   0.55188E+00
   0.24000E+03   0.55955E+00
   0.24100E+03   0.56659E+00
   0.24200E+03   0.57296E+00
   0.24300E+03   0.57863E+00
   0.24400E+03   0.58360E+00
   0.24500E+03   0.58783E+00
   0.24600E+03   0.59132E+00
   0.24700E+03   0.59404E+00
   0.24800E+03   0.59600E+00
   0.24900E+03   0.59717E+00
   0.25000E+03   0.59756E+00
   0.25100E+03   0.59717E+00
   0.25200E+03   0.59600E+00
   0.25300E+03   0.59404E+00
   0.25400E+03   0.59132E+00
   0.25500E+03   0.58783E+00
   0.25600E+03   0.58360E+00
   0.25700E+03   0.57863E+00
   0.25800E+03   0.57296E+00
   0.25900E+03   0.56659E+00
   0.26000E+03   0.55955E+00
   0.26100E+03   0.55188E+00
   0.26200E+03   0.54358E+00
   0.26300E+03   0.53471E+00
   0.26400E+03   0.52528E+00
   0.26500E+03   0.51534E+00
   0.26600E+03   0.50491E+00
   0.26700E+03   0.49404E+00
   0.26800E+03   0.48276E+00
   0.26900E+03   0.47110E+00
   0.27000E+03   0.45911E+00
   0.27100E+03   0.44683E+00
   0.27200E+03   0.43430E+00
   0.27300E+03   0.42155E+00
   0.27400E+03   0.40862E+00
   0.27500E+03   0.39555E+00
   0.27600E+03   0.38238E+00
   0.27700E+03   0.36916E+00
   0.27800E+03   0.35590E+00
   0.27900E+03   0.34266E+00
   0.28000E+03   0.32945E+00
   0.28100E+03   0.31632E+00
   0.28200E+03   0.30330E+00
   0.28300E+03   0.29042E+00
   0.28400E+03   0.27770E+00
   0.28500E+03   0.26517E+00
   0.28600E+03   0.25286E+00
   0.28700E+03   0.24078E+00
   0.28800E+03   0.22896E+00
   0.28900E+03   0.21742E+00
   0.29000E+03   0.20617E+00
   0.29100E+03   0.19523E+00
   0.29200E+03   0.18461E+00
   0.29300E+03   0.17432E+00
   0.29400E+03   0.16437E+00
   0.29500E+03   0.15477E+00
   0.29600E+03   0.14553E+00
   0.29700E+03   0.13664E+00
   0.29800E+03   0.12811E+00
   0.29900E+03   0.11994E+00
   0.30000E+03   0.11213E+00
   0.30100E+03   0.10468E+00
   0.30200E+03   0.97588E-01
   0.30300E+03   0.90841E-01
   0.30400E+03   0.84439E-01
   0.30500E+03   0.78374E-01
   0.30600E+03   0.72639E-01
   0.30700E+03   0.67225E-01
   0.30800E+03   0.62124E-01
   0.30900E+03   0.57326E-01
   0.31000E+03   0.52820E-01
   0.31100E+03   0.48598E-01
   0.31200E+03   0.44647E-01
   0.31300E+03   0.40956E-01
   0.31400E+03   0.37515E-01
   0.31500E+03   0.34312E-01
   0.31600E+03   0.31336E-01
   0.31700E+03   0.28575E-01
   0.31800E+03   0.26019E-01
   0.31900E+03   0.23655E-01
   0.32000E+03   0.21475E-01
   0.32100E+03   0.19466E-01
   0.32200E+03   0.17618E-01
   0.32300E+03   0.15922E-01
   0.32400E+03   0.14367E-01
   0.32500E+03   0.12944E-01
   0.32600E+03   0.11645E-01
   0.32700E+03   0.10460E-01
   0.32800E+03   0.93813E-02
   0.32900E+03   0.84010E-02
   0.33000E+03   0.75117E-02
   0.33100E+03   0.67062E-02
   0.33200E+03   0.59780E-02
   0.33300E+03   0.53206E-02
   0.33400E+03   0.47282E-02
   0.33500E+03   0.41953E-02
   0.33600E+03   0.37168E-02
   0.33700E+03   0.32877E-02
   0.33800E+03   0.29036E-02
   0.33900E+03   0.25605E-02
   0.34000E+03   0.22544E-02
   0.34100E+03   0.19818E-02
   0.34200E+03   0.17394E-02
   0.34300E+03   0.15243E-02
   0.34400E+03   0.13337E-02
   0.34500E+03   0.11652E-02
   0.34600E+03   0.10163E-02
   0.34700E+03   0.88506E-03
   0.34800E+03   0.76956E-03
   0.34900E+03   0.66808E-03
   0.35000E+03   0.57907E-03
   0.35100E+03   0.50113E-03
   0.35200E+03   0.43299E-03
   0.35300E+03   0.37353E-03
   0.35400E+03   0.32172E-03
   0.35500E+03   0.27666E-03
   0.35600E+03   0.23754E-03
   0.35700E+03   0.20362E-03
   0.35800E+03   0.17427E-03
   0.35900E+03   0.14891E-03
   0.36000E+03   0.12704E-03
   0.36100E+03   0.10821E-03
   0.36200E+03   0.92021E-04
   0.36300E+03   0.78131E-04
   0.36400E+03   0.66231E-04
   0.36500E+03   0.56054E-04
   0.36600E+03   0.47364E-04
   0.36700E+03   0.39957E-04
   0.36800E+03   0.33655E-04
   0.36900E+03   0.28301E-04
   0.37000E+03   0.23760E-04
   0.37100E+03   0.19916E-04
   0.37200E+03   0.16667E-04
   0.37300E+03   0.13925E-04
   0.37400E+03   0.11616E-04
   0.37500E+03   0.96740E-05
   0.37600E+03   0.80436E-05
   0.37700E+03   0.66771E-05
   0.37800E+03   0.55338E-05
   0.37900E+03   0.45789E-05
   0.38000E+03   0.37825E-05
   0.38100E+03   0.31196E-05
   0.38200E+03   0.25687E-05
   0.38300E+03   0.21116E-05
   0.38400E+03   0.17331E-05
   0.38500E+03   0.14201E-05
   0.38600E+03   0.11617E-05
   0.38700E+03   0.94877E-06
   0.38800E+03   0.77361E-06
   0.38900E+03   0.62975E-06
   0.39000E+03   0.51181E-06
   0.39100E+03   0.41528E-06
   0.39200E+03   0.33640E-06
   0.39300E+03   0.27205E-06
   0.39400E+03   0.21966E-06
   0.39500E+03   0.17706E-06
   0.39600E+03   0.14249E-06
   0.39700E+03   0.11448E-06
   0.39800E+03   0.91825E-07
   0.39900E+03   0.73532E-07
   0.40000E+03   0.58786E-07
   0.40100E+03   0.46920E-07
   0.40200E+03   0.37387E-07
   0.40300E+03   0.29742E-07
   0.40400E+03   0.23621E-07
   0.40500E+03   0.18729E-07
   0.40600E+03   0.14825E-07
   0.40700E+03   0.11716E-07
   0.40800E+03   0.92434E-08
   0.40900E+03   0.72805E-08
   0.41000E+03   0.57250E-08
   0.41100E+03   0.44943E-08
   0.41200E+03   0.35223E-08
   0.41300E+03   0.27560E-08
   0.41400E+03   0.21528E-08
   0.41500E+03   0.16788E-08
   0.41600E+03   0.13070E-08
   0.41700E+03   0.10158E-08
   0.41800E+03   0.78821E-09
   0.41900E+03   0.61058E-09
   0.42000E+03   0.47219E-09
   0.42100E+03   0.36456E-09
   0.42200E+03   0.28099E-09
   0.42300E+03   0.21621E-09
   0.42400E+03   0.16609E-09
   0.42500E+03   0.12738E-09
   0.42600E+03   0.97521E-10
   0.42700E+03   0.74539E-10
   0.42800E+03   0.56877E-10
   0.42900E+03   0.43327E-10
   0.43000E+03   0.32950E-10
   0.43100E+03   0.25016E-10
   0.43200E+03   0.18960E-10
   0.43300E+03   0.14347E-10
   0.43400E+03   0.10837E-10
   0.43500E+03   0.81725E-11
   0.43600E+03   0.61526E-11
   0.43700E+03   0.46241E-11
   0.43800E+03   0.34695E-11
   0.43900E+03   0.25988E-11
   0.44000E+03   0.19433E-11
   0.44100E+03   0.14507E-11
   0.44200E+03   0.10811E-11
   0.44300E+03   0.80432E-12
   0.44400E+03   0.59739E-12
   0.44500E+03   0.44294E-12
   0.44600E+03   0.32787E-12
   0.44700E+03   0.24228E-12
   0.44800E+03   0.17873E-12
   0.44900E+03   0.13162E-12
   0.45000E+03   0.96768E-13
   0.45100E+03   0.71022E-13
   0.45200E+03   0.52037E-13
   0.45300E+03   0.38062E-13
   0.45400E+03   0.27793E-13
   0.45500E+03   0.20260E-13
   0.45600E+03   0.14743E-13
   0.45700E+03   0.10710E-13
   0.45800E+03   0.77675E-14
   0.45900E+03   0.56236E-14
   0.46000E+03   0.40645E-14
   0.46100E+03   0.29326E-14
   0.46200E+03   0.21123E-14
   0.46300E+03   0.15188E-14
   0.46400E+03   0.10902E-14
   0.46500E+03   0.78124E-15
   0.46600E+03   0.55886E-15
   0.46700E+03   0.39910E-15
   0.46800E+03   0.28452E-15
   0.46900E+03   0.20248E-15
   0.47000E+03   0.14385E-15
   0.47100E+03   0.10202E-15
   0.47200E+03   0.72234E-16
   0.47300E+03   0.51054E-16
   0.47400E+03   0.36022E-16
   0.47500E+03   0.25372E-16
   0.47600E+03   0.17840E-16
   0.47700E+03   0.12522E-16
   0.47800E+03   0.87745E-17
   0.47900E+03   0.61377E-17
   0.48000E+03   0.42859E-17
   0.48100E+03   0.29876E-17
   0.48200E+03   0.20790E-17
   0.48300E+03   0.14442E-17
   0.48400E+03   0.10015E-17
   0.48500E+03   0.69329E-18
   0.48600E+03   0.47910E-18
   0.48700E+03   0.33050E-18
   0.48800E+03   0.22759E-18
   0.48900E+03   0.15644E-18
   0.49000E+03   0.10734E-18
   0.49100E+03   0.73502E-19
   0.49200E+03   0.50216E-19
   0.49300E+03   0.34207E-19
   0.49400E+03   0.23200E-19
   0.49500E+03   0.15615E-19
   0.49600E+03   0.10354E-19
   0.49700E+03   0.66445E-20
   0.49800E+03   0.39383E-20
   0.49900E+03   0.18298E-20
   0.50000E+03   0.00000E+00
