   0.10000E+01   0.10000E+04
   0.20000E+01   0.20320E+04
   0.30000E+01   0.31280E+04
   0.40000E+01   0.43320E+04
   0.50000E+01   0.55360E+04
   0.60000E+01   0.64720E+04
   0.70000E+01   0.72720E+04
   0.80000E+01   0.83680E+04
   0.90000E+01   0.92960E+04
   0.10000E+02   0.10428E+05
   0.11000E+02   0.11072E+05
   0.12000E+02   0.12076E+05
   0.13000E+02   0.13040E+05
   0.14000E+02   0.14116E+05
   0.15000E+02   0.15248E+05
   0.16000E+02   0.16412E+05
   0.17000E+02   0.17648E+05
   0.18000E+02   0.19108E+05
   0.19000E+02   0.20384E+05
   0.20000E+02   0.21368E+05
   0.21000E+02   0.22120E+05
   0.22000E+02   0.22728E+05
   0.23000E+02   0.23232E+05
   0.24000E+02   0.24040E+05
   0.25000E+02   0.25000E+05
   0.26000E+02   0.26272E+05
   0.27000E+02   0.27800E+05
   0.28000E+02   0.28764E+05
   0.29000E+02   0.29768E+05
   0.30000E+02   0.30172E+05
   0.31000E+02   0.30952E+05
   0.32000E+02   0.31436E+05
   0.33000E+02   0.33120E+05
   0.34000E+02   0.33936E+05
   0.35000E+02   0.34408E+05
   0.36000E+02   0.35912E+05
   0.37000E+02   0.37320E+05
   0.38000E+02   0.38176E+05
   0.39000E+02   0.39096E+05
   0.40000E+02   0.39540E+05
   0.41000E+02   0.40984E+05
   0.42000E+02   0.42612E+05
   0.43000E+02   0.43168E+05
   0.44000E+02   0.44360E+05
   0.45000E+02   0.45440E+05
   0.46000E+02   0.46228E+05
   0.47000E+02   0.48144E+05
   0.48000E+02   0.48660E+05
   0.49000E+02   0.49160E+05
   0.50000E+02   0.50476E+05
   0.51000E+02   0.52144E+05
   0.52000E+02   0.52424E+05
   0.53000E+02   0.52912E+05
   0.54000E+02   0.53180E+05
   0.55000E+02   0.53800E+05
   0.56000E+02   0.55580E+05
   0.57000E+02   0.56696E+05
   0.58000E+02   0.57284E+05
   0.59000E+02   0.58968E+05
   0.60000E+02   0.60136E+05
   0.61000E+02   0.61936E+05
   0.62000E+02   0.62340E+05
   0.63000E+02   0.62920E+05
   0.64000E+02   0.64264E+05
   0.65000E+02   0.65344E+05
   0.66000E+02   0.65812E+05
   0.67000E+02   0.66200E+05
   0.68000E+02   0.66780E+05
   0.69000E+02   0.67456E+05
   0.70000E+02   0.68276E+05
   0.71000E+02   0.68832E+05
   0.72000E+02   0.70132E+05
   0.73000E+02   0.71512E+05
   0.74000E+02   0.72820E+05
   0.75000E+02   0.73928E+05
   0.76000E+02   0.74816E+05
   0.77000E+02   0.74592E+05
   0.78000E+02   0.75164E+05
   0.79000E+02   0.76248E+05
   0.80000E+02   0.77400E+05
   0.81000E+02   0.79224E+05
   0.82000E+02   0.79200E+05
   0.83000E+02   0.80712E+05
   0.84000E+02   0.81892E+05
   0.85000E+02   0.83248E+05
   0.86000E+02   0.82780E+05
   0.87000E+02   0.83160E+05
   0.88000E+02   0.83924E+05
   0.89000E+02   0.85568E+05
   0.90000E+02   0.87200E+05
   0.91000E+02   0.88032E+05
   0.92000E+02   0.88636E+05
   0.93000E+02   0.89632E+05
   0.94000E+02   0.90532E+05
   0.95000E+02   0.91512E+05
   0.96000E+02   0.92944E+05
   0.97000E+02   0.94312E+05
   0.98000E+02   0.94904E+05
   0.99000E+02   0.96192E+05
   0.10000E+03   0.97384E+05
