   0.33451E-01   0.52073E-01   0.52360E-01
   0.66903E-01   0.51216E-01   0.51786E-01
   0.10035E+00   0.49797E-01   0.50637E-01
   0.13381E+00   0.47833E-01   0.48921E-01
   0.16726E+00   0.45345E-01   0.46649E-01
   0.20071E+00   0.42360E-01   0.43841E-01
   0.23416E+00   0.38911E-01   0.40522E-01
   0.26761E+00   0.35036E-01   0.36721E-01
   0.30106E+00   0.30776E-01   0.32477E-01
   0.33451E+00   0.26180E-01   0.27829E-01
   0.36797E+00   0.21297E-01   0.22826E-01
   0.40142E+00   0.16180E-01   0.17517E-01
   0.43487E+00   0.10886E-01   0.11958E-01
   0.46832E+00   0.54731E-02   0.62065E-02
   0.50177E+00  -0.22887E-08   0.32414E-03
   0.53522E+00  -0.54731E-02  -0.56262E-02
   0.56868E+00  -0.10886E-01  -0.11580E-01
   0.60213E+00  -0.16180E-01  -0.17472E-01
   0.63558E+00  -0.21297E-01  -0.23238E-01
   0.66903E+00  -0.26180E-01  -0.28811E-01
   0.70248E+00  -0.30776E-01  -0.34130E-01
   0.73593E+00  -0.35036E-01  -0.39133E-01
   0.76938E+00  -0.38911E-01  -0.43762E-01
   0.80284E+00  -0.42360E-01  -0.47961E-01
   0.83629E+00  -0.45345E-01  -0.51681E-01
   0.86974E+00  -0.47833E-01  -0.54874E-01
   0.90319E+00  -0.49797E-01  -0.57501E-01
   0.93664E+00  -0.51216E-01  -0.59526E-01
   0.97009E+00  -0.52073E-01  -0.60921E-01
   0.10035E+01  -0.52360E-01  -0.61662E-01
   0.10370E+01  -0.52073E-01  -0.61736E-01
   0.10704E+01  -0.51216E-01  -0.61134E-01
   0.11039E+01  -0.49797E-01  -0.59854E-01
   0.11374E+01  -0.47833E-01  -0.57904E-01
   0.11708E+01  -0.45345E-01  -0.55298E-01
   0.12043E+01  -0.42360E-01  -0.52056E-01
   0.12377E+01  -0.38911E-01  -0.48209E-01
   0.12712E+01  -0.35036E-01  -0.43790E-01
   0.13046E+01  -0.30776E-01  -0.38843E-01
   0.13381E+01  -0.26180E-01  -0.33415E-01
   0.13715E+01  -0.21297E-01  -0.27562E-01
   0.14050E+01  -0.16180E-01  -0.21342E-01
   0.14384E+01  -0.10886E-01  -0.14820E-01
   0.14719E+01  -0.54730E-02  -0.80639E-02
   0.15053E+01   0.12546E-06  -0.11452E-02
   0.15388E+01   0.54732E-02   0.58619E-02
   0.15722E+01   0.10886E-01   0.12882E-01
   0.16057E+01   0.16180E-01   0.19837E-01
   0.16391E+01   0.21297E-01   0.26651E-01
   0.16726E+01   0.26180E-01   0.33248E-01
   0.17060E+01   0.30777E-01   0.39552E-01
   0.17395E+01   0.35036E-01   0.45492E-01
   0.17729E+01   0.38911E-01   0.50998E-01
   0.18064E+01   0.42360E-01   0.56005E-01
   0.18398E+01   0.45345E-01   0.60453E-01
   0.18733E+01   0.47833E-01   0.64286E-01
   0.19067E+01   0.49797E-01   0.67457E-01
   0.19402E+01   0.51216E-01   0.69923E-01
   0.19736E+01   0.52073E-01   0.71649E-01
   0.20071E+01   0.52360E-01   0.72608E-01
   0.20405E+01   0.52073E-01   0.72782E-01
   0.20740E+01   0.51216E-01   0.72159E-01
   0.21074E+01   0.49797E-01   0.70738E-01
   0.21409E+01   0.47833E-01   0.68526E-01
   0.21743E+01   0.45345E-01   0.65538E-01
   0.22078E+01   0.42360E-01   0.61799E-01
   0.22413E+01   0.38911E-01   0.57341E-01
   0.22747E+01   0.35035E-01   0.52205E-01
   0.23082E+01   0.30776E-01   0.46440E-01
   0.23416E+01   0.26180E-01   0.40103E-01
   0.23751E+01   0.21296E-01   0.33257E-01
   0.24085E+01   0.16180E-01   0.25971E-01
   0.24420E+01   0.10886E-01   0.18320E-01
   0.24754E+01   0.54727E-02   0.10384E-01
   0.25089E+01  -0.41716E-06   0.22477E-02
   0.25423E+01  -0.54735E-02  -0.60027E-02
   0.25758E+01  -0.10887E-01  -0.14278E-01
   0.26092E+01  -0.16181E-01  -0.22487E-01
   0.26427E+01  -0.21297E-01  -0.30540E-01
   0.26761E+01  -0.26180E-01  -0.38346E-01
   0.27096E+01  -0.30777E-01  -0.45817E-01
   0.27430E+01  -0.35036E-01  -0.52867E-01
   0.27765E+01  -0.38911E-01  -0.59416E-01
   0.28099E+01  -0.42360E-01  -0.65384E-01
   0.28434E+01  -0.45345E-01  -0.70701E-01
   0.28768E+01  -0.47833E-01  -0.75301E-01
   0.29103E+01  -0.49797E-01  -0.79125E-01
   0.29437E+01  -0.51216E-01  -0.82124E-01
   0.29772E+01  -0.52073E-01  -0.84255E-01
   0.30106E+01  -0.52360E-01  -0.85486E-01
   0.30441E+01  -0.52073E-01  -0.85792E-01
   0.30775E+01  -0.51216E-01  -0.85161E-01
   0.31110E+01  -0.49797E-01  -0.83590E-01
   0.31444E+01  -0.47833E-01  -0.81084E-01
   0.31779E+01  -0.45345E-01  -0.77662E-01
   0.32113E+01  -0.42360E-01  -0.73350E-01
   0.32448E+01  -0.38911E-01  -0.68187E-01
   0.32783E+01  -0.35035E-01  -0.62219E-01
   0.33117E+01  -0.30776E-01  -0.55504E-01
   0.33452E+01  -0.26179E-01  -0.48107E-01
   0.33786E+01  -0.21296E-01  -0.40100E-01
   0.34121E+01  -0.16179E-01  -0.31566E-01
   0.34455E+01  -0.10886E-01  -0.22593E-01
   0.34790E+01  -0.54724E-02  -0.13273E-01
   0.35124E+01   0.73383E-06  -0.37057E-02
   0.35459E+01   0.54738E-02   0.60074E-02
   0.35793E+01   0.10887E-01   0.15761E-01
   0.36128E+01   0.16181E-01   0.25449E-01
   0.36462E+01   0.21297E-01   0.34964E-01
   0.36797E+01   0.26181E-01   0.44200E-01
   0.37131E+01   0.30777E-01   0.53052E-01
   0.37466E+01   0.35036E-01   0.61420E-01
   0.37800E+01   0.38911E-01   0.69206E-01
   0.38135E+01   0.42361E-01   0.76318E-01
   0.38469E+01   0.45345E-01   0.82672E-01
   0.38804E+01   0.47833E-01   0.88188E-01
   0.39138E+01   0.49797E-01   0.92798E-01
   0.39473E+01   0.51216E-01   0.96441E-01
   0.39807E+01   0.52073E-01   0.99066E-01
   0.40142E+01   0.52360E-01   0.10063E+00
   0.40476E+01   0.52073E-01   0.10112E+00
   0.40811E+01   0.51215E-01   0.10049E+00
   0.41145E+01   0.49797E-01   0.98762E-01
   0.41480E+01   0.47833E-01   0.95929E-01
   0.41814E+01   0.45345E-01   0.92012E-01
   0.42149E+01   0.42359E-01   0.87044E-01
   0.42483E+01   0.38910E-01   0.81067E-01
   0.42818E+01   0.35035E-01   0.74135E-01
   0.43152E+01   0.30776E-01   0.66314E-01
   0.43487E+01   0.26179E-01   0.57681E-01
   0.43822E+01   0.21296E-01   0.48320E-01
   0.44156E+01   0.16179E-01   0.38326E-01
   0.44491E+01   0.10885E-01   0.27803E-01
   0.44825E+01   0.54721E-02   0.16859E-01
   0.45160E+01  -0.10006E-05   0.56103E-02
   0.45494E+01  -0.54741E-02  -0.58232E-02
   0.45829E+01  -0.10887E-01  -0.17318E-01
   0.46163E+01  -0.16181E-01  -0.28749E-01
   0.46498E+01  -0.21298E-01  -0.39991E-01
   0.46832E+01  -0.26181E-01  -0.50917E-01
   0.47167E+01  -0.30777E-01  -0.61404E-01
   0.47501E+01  -0.35036E-01  -0.71333E-01
   0.47836E+01  -0.38912E-01  -0.80589E-01
   0.48170E+01  -0.42361E-01  -0.89062E-01
   0.48505E+01  -0.45346E-01  -0.96652E-01
   0.48839E+01  -0.47834E-01  -0.10326E+00
   0.49174E+01  -0.49798E-01  -0.10882E+00
   0.49508E+01  -0.51216E-01  -0.11324E+00
   0.49843E+01  -0.52073E-01  -0.11647E+00
   0.50177E+01  -0.52360E-01  -0.11845E+00
   0.50512E+01  -0.52073E-01  -0.11916E+00
   0.50846E+01  -0.51215E-01  -0.11857E+00
   0.51181E+01  -0.49797E-01  -0.11667E+00
   0.51515E+01  -0.47833E-01  -0.11347E+00
   0.51850E+01  -0.45344E-01  -0.10900E+00
   0.52184E+01  -0.42359E-01  -0.10328E+00
   0.52519E+01  -0.38910E-01  -0.96359E-01
   0.52853E+01  -0.35035E-01  -0.88310E-01
   0.53188E+01  -0.30775E-01  -0.79204E-01
   0.53522E+01  -0.26179E-01  -0.69129E-01
   0.53857E+01  -0.21296E-01  -0.58186E-01
   0.54192E+01  -0.16179E-01  -0.46485E-01
   0.54526E+01  -0.10885E-01  -0.34146E-01
   0.54861E+01  -0.54718E-02  -0.21297E-01
   0.55195E+01   0.12673E-05  -0.80741E-02
   0.55530E+01   0.54744E-02   0.53828E-02
   0.55864E+01   0.10888E-01   0.18928E-01
   0.56199E+01   0.16181E-01   0.32415E-01
   0.56533E+01   0.21298E-01   0.45694E-01
   0.56868E+01   0.26181E-01   0.58617E-01
   0.57202E+01   0.30777E-01   0.71039E-01
   0.57537E+01   0.35037E-01   0.82819E-01
   0.57871E+01   0.38912E-01   0.93819E-01
   0.58206E+01   0.42361E-01   0.10391E+00
   0.58540E+01   0.45346E-01   0.11297E+00
   0.58875E+01   0.47834E-01   0.12090E+00
   0.59209E+01   0.49798E-01   0.12758E+00
   0.59544E+01   0.51216E-01   0.13294E+00
   0.59878E+01   0.52073E-01   0.13690E+00
   0.60213E+01   0.52360E-01   0.13941E+00
   0.60547E+01   0.52073E-01   0.14041E+00
   0.60882E+01   0.51215E-01   0.13988E+00
   0.61216E+01   0.49797E-01   0.13781E+00
   0.61551E+01   0.47833E-01   0.13421E+00
   0.61885E+01   0.45344E-01   0.12910E+00
   0.62220E+01   0.42359E-01   0.12251E+00
   0.62554E+01   0.38910E-01   0.11451E+00
   0.62889E+01   0.35034E-01   0.10517E+00
   0.63223E+01   0.30775E-01   0.94568E-01
   0.63558E+01   0.26179E-01   0.82815E-01
   0.63892E+01   0.21295E-01   0.70025E-01
   0.64227E+01   0.16179E-01   0.56327E-01
   0.64561E+01   0.10885E-01   0.41862E-01
   0.64896E+01   0.54715E-02   0.26778E-01
   0.65231E+01  -0.16339E-05   0.11235E-01
   0.65565E+01  -0.54747E-02  -0.46012E-02
   0.65900E+01  -0.10888E-01  -0.20561E-01
   0.66234E+01  -0.16182E-01  -0.36470E-01
   0.66569E+01  -0.21298E-01  -0.52153E-01
   0.66903E+01  -0.26181E-01  -0.67437E-01
   0.67238E+01  -0.30778E-01  -0.82149E-01
   0.67572E+01  -0.35037E-01  -0.96121E-01
   0.67907E+01  -0.38912E-01  -0.10919E+00
   0.68241E+01  -0.42361E-01  -0.12121E+00
   0.68576E+01  -0.45346E-01  -0.13203E+00
   0.68910E+01  -0.47834E-01  -0.14152E+00
   0.69245E+01  -0.49798E-01  -0.14956E+00
   0.69579E+01  -0.51216E-01  -0.15605E+00
   0.69914E+01  -0.52073E-01  -0.16090E+00
   0.70248E+01  -0.52360E-01  -0.16404E+00
   0.70583E+01  -0.52073E-01  -0.16542E+00
   0.70917E+01  -0.51215E-01  -0.16499E+00
   0.71252E+01  -0.49797E-01  -0.16276E+00
   0.71586E+01  -0.47832E-01  -0.15871E+00
   0.71921E+01  -0.45344E-01  -0.15288E+00
   0.72255E+01  -0.42359E-01  -0.14530E+00
   0.72590E+01  -0.38910E-01  -0.13605E+00
   0.72924E+01  -0.35034E-01  -0.12521E+00
   0.73259E+01  -0.30775E-01  -0.11288E+00
   0.73593E+01  -0.26178E-01  -0.99170E-01
   0.73928E+01  -0.21295E-01  -0.84224E-01
   0.74262E+01  -0.16178E-01  -0.68191E-01
   0.74597E+01  -0.10884E-01  -0.51234E-01
   0.74931E+01  -0.54712E-02  -0.33530E-01
   0.75266E+01   0.19006E-05  -0.15263E-01
   0.75601E+01   0.54750E-02   0.33709E-02
   0.75935E+01   0.10888E-01   0.22172E-01
   0.76270E+01   0.16182E-01   0.40937E-01
   0.76604E+01   0.21298E-01   0.59458E-01
   0.76939E+01   0.26182E-01   0.77531E-01
   0.77273E+01   0.30778E-01   0.94951E-01
   0.77608E+01   0.35037E-01   0.11152E+00
   0.77942E+01   0.38912E-01   0.12705E+00
   0.78277E+01   0.42361E-01   0.14136E+00
   0.78611E+01   0.45346E-01   0.15427E+00
   0.78946E+01   0.47834E-01   0.16563E+00
   0.79280E+01   0.49798E-01   0.17530E+00
   0.79615E+01   0.51216E-01   0.18316E+00
   0.79949E+01   0.52073E-01   0.18909E+00
   0.80284E+01   0.52360E-01   0.19301E+00
   0.80618E+01   0.52073E-01   0.19486E+00
   0.80953E+01   0.51215E-01   0.19460E+00
   0.81287E+01   0.49797E-01   0.19219E+00
   0.81622E+01   0.47832E-01   0.18765E+00
   0.81956E+01   0.45344E-01   0.18101E+00
   0.82291E+01   0.42359E-01   0.17231E+00
   0.82625E+01   0.38910E-01   0.16162E+00
   0.82960E+01   0.35034E-01   0.14904E+00
   0.83294E+01   0.30775E-01   0.13469E+00
   0.83629E+01   0.26179E-01   0.11871E+00
   0.83963E+01   0.21296E-01   0.10124E+00
   0.84298E+01   0.16179E-01   0.82482E-01
   0.84632E+01   0.10885E-01   0.62608E-01
   0.84967E+01   0.54720E-02   0.41830E-01
   0.85301E+01  -0.10688E-05   0.20366E-01
   0.85636E+01  -0.54740E-02  -0.15574E-02
   0.85970E+01  -0.10887E-01  -0.23704E-01
   0.86305E+01  -0.16181E-01  -0.45833E-01
   0.86639E+01  -0.21297E-01  -0.67703E-01
   0.86974E+01  -0.26181E-01  -0.89070E-01
   0.87308E+01  -0.30777E-01  -0.10969E+00
   0.87643E+01  -0.35036E-01  -0.12934E+00
   0.87977E+01  -0.38911E-01  -0.14779E+00
   0.88312E+01  -0.42360E-01  -0.16481E+00
   0.88646E+01  -0.45345E-01  -0.18022E+00
   0.88981E+01  -0.47833E-01  -0.19382E+00
   0.89316E+01  -0.49797E-01  -0.20544E+00
   0.89650E+01  -0.51216E-01  -0.21494E+00
   0.89985E+01  -0.52073E-01  -0.22218E+00
   0.90319E+01  -0.52360E-01  -0.22707E+00
   0.90654E+01  -0.52073E-01  -0.22952E+00
   0.90988E+01  -0.51216E-01  -0.22948E+00
   0.91323E+01  -0.49797E-01  -0.22692E+00
   0.91657E+01  -0.47833E-01  -0.22185E+00
   0.91992E+01  -0.45345E-01  -0.21428E+00
   0.92326E+01  -0.42360E-01  -0.20429E+00
   0.92661E+01  -0.38911E-01  -0.19195E+00
   0.92995E+01  -0.35036E-01  -0.17736E+00
   0.93330E+01  -0.30777E-01  -0.16067E+00
   0.93664E+01  -0.26181E-01  -0.14204E+00
   0.93999E+01  -0.21297E-01  -0.12164E+00
   0.94333E+01  -0.16181E-01  -0.99686E-01
   0.94668E+01  -0.10887E-01  -0.76398E-01
   0.95002E+01  -0.54740E-02  -0.52016E-01
   0.95337E+01  -0.10613E-05  -0.26797E-01
   0.95671E+01   0.54720E-02  -0.10075E-02
   0.96006E+01   0.10885E-01   0.25076E-01
   0.96340E+01   0.16179E-01   0.51170E-01
   0.96675E+01   0.21296E-01   0.76990E-01
   0.97009E+01   0.26179E-01   0.10225E+00
   0.97344E+01   0.30775E-01   0.12666E+00
   0.97678E+01   0.35035E-01   0.14995E+00
   0.98013E+01   0.38910E-01   0.17186E+00
   0.98347E+01   0.42359E-01   0.19212E+00
   0.98682E+01   0.45344E-01   0.21049E+00
   0.99016E+01   0.47832E-01   0.22676E+00
   0.99351E+01   0.49797E-01   0.24072E+00
   0.99685E+01   0.51215E-01   0.25219E+00
   0.10002E+02   0.52073E-01   0.26103E+00
