   100   100
    99   100
    98   100
   100    99
    99    99
    99    98
    98    98
    97    98
    99    97
    99   101
   100   101
    98    99
    98   101
   100    98
    96    98
    95    98
    98    97
    99    96
    94    98
    97    97
    93    98
    97    96
    98   102
    98    96
   101    98
   101    97
    97   102
    93    99
    99    95
    97    99
   100    95
   101    99
   100    97
    96    96
    92    98
   100    94
    96    97
    99    94
   100    96
   102    98
    96    99
    95    96
   102    99
   100    93
   101    93
    99   102
    92    99
    99    93
   101   101
    95    97
    97   101
   101    96
    97   103
    95    95
    95    99
    96   101
    94    97
    97   100
   102    96
   102    97
    92    97
   102    95
    98    93
    98    92
    96    95
   103    98
    98    91
    95   100
    93    97
   103    97
    92    96
    98    90
    96   102
    95   101
   102   101
    98    95
    97    95
   103    96
    91    98
   101    95
   101    94
   102    94
    92   100
    90    98
    99    92
   102   100
    98   103
   100   102
   100   103
   104    97
   103    95
    94    96
    94   101
    95   102
    97    94
    98    94
   102   102
    96   100
   103    94
    94    95
