   0.00000E+00   0.00000E+00
   0.69315E+00   0.17918E+01
   0.10986E+01   0.27081E+01
   0.13863E+01   0.32581E+01
   0.16094E+01   0.36109E+01
   0.17918E+01   0.39890E+01
   0.19459E+01   0.42905E+01
   0.20794E+01   0.45326E+01
   0.21972E+01   0.47622E+01
   0.23026E+01   0.49345E+01
   0.23979E+01   0.51120E+01
   0.24849E+01   0.53132E+01
   0.25649E+01   0.54510E+01
   0.26391E+01   0.55452E+01
   0.27081E+01   0.56699E+01
   0.27726E+01   0.57462E+01
   0.28332E+01   0.58230E+01
   0.28904E+01   0.59584E+01
   0.29444E+01   0.60307E+01
   0.29957E+01   0.61159E+01
   0.30445E+01   0.61964E+01
   0.30910E+01   0.62558E+01
   0.31355E+01   0.63099E+01
   0.31781E+01   0.63902E+01
   0.32189E+01   0.64409E+01
   0.32581E+01   0.64907E+01
   0.32958E+01   0.65554E+01
   0.33322E+01   0.66053E+01
   0.33673E+01   0.66503E+01
   0.34012E+01   0.66834E+01
   0.34340E+01   0.67093E+01
   0.34657E+01   0.67523E+01
   0.34965E+01   0.67822E+01
   0.35264E+01   0.68024E+01
   0.35553E+01   0.68276E+01
   0.35835E+01   0.68416E+01
   0.36109E+01   0.68575E+01
   0.36376E+01   0.68876E+01
   0.36636E+01   0.69007E+01
   0.36889E+01   0.69068E+01
   0.37136E+01   0.69078E+01
   0.37377E+01   0.69078E+01
   0.37612E+01   0.69078E+01
   0.37842E+01   0.69078E+01
   0.38067E+01   0.69078E+01
   0.38286E+01   0.69078E+01
   0.38501E+01   0.69078E+01
   0.38712E+01   0.69078E+01
   0.38918E+01   0.69078E+01
   0.39120E+01   0.69078E+01
   0.39318E+01   0.69078E+01
   0.39512E+01   0.69078E+01
   0.39703E+01   0.69078E+01
   0.39890E+01   0.69078E+01
   0.40073E+01   0.69078E+01
   0.40254E+01   0.69078E+01
   0.40431E+01   0.69078E+01
   0.40604E+01   0.69078E+01
   0.40775E+01   0.69078E+01
   0.40943E+01   0.69078E+01
