     0     0
     0    -1
     0    -2
     1    -1
     0    -3
     1    -3
    -1    -2
     0     1
    -2    -2
     1    -2
     0    -4
     0    -5
    -3    -2
     1    -5
     0    -5
    -1    -5
    -2    -5
     2    -3
     1    -6
    -1    -6
     2    -5
     2    -4
     2    -6
     3    -5
    -2    -4
     2    -7
    -3    -1
    -1    -7
     3    -6
     0    -7
    -1    -7
     1     0
     3    -6
    -1    -7
    -2    -6
     3    -6
     4    -5
     2    -8
    -2    -7
    -1    -8
     3    -8
     3    -3
     1    -8
     3    -7
    -1     1
     1    -8
     2    -1
     4    -6
     4    -4
     4    -7
    -3    -6
    -3    -5
     5    -7
    -3    -3
     5    -5
     3    -8
    -1    -9
     1    -9
     5    -7
    -4    -5
     0     2
    -4    -4
    -4    -6
     6    -5
     6    -7
    -1     2
     0     3
    -2    -9
    -5    -6
     1     3
     3    -9
     6    -8
     7    -8
     7    -8
    -2   -10
     6    -6
     3   -10
    -3    -9
    -2   -11
    -2   -11
     7    -9
     0     4
     7    -7
    -3   -10
     2     0
     3   -11
    -6    -6
    -1   -11
    -4    -9
    -6    -7
    -4   -10
     4    -3
    -6    -8
    -5   -10
    -1   -11
    -3   -10
    -5    -4
    -5   -10
    -7    -6
     4   -11
     7    -5
    -7    -8
    -7    -9
     3    -1
    -2   -11
     0   -11
     0   -11
    -8    -8
     7    -8
     5    -3
     0     5
     2   -11
     4   -10
    -4   -11
    -1     5
    -9    -8
    -1   -11
    -7    -8
    -6    -9
    -4   -10
     3   -11
    -3   -11
    -3   -11
     3   -11
     0   -11
     8    -5
    -3   -12
    -1     4
     7   -10
     6   -10
    -2   -12
    -1   -12
    -9    -7
     0     6
     8    -9
     5   -11
     8    -4
    -7   -10
     8   -10
     9    -9
    -3   -13
    10    -9
    -1     6
    -3   -14
    -2   -14
     0     7
     5   -12
    -4   -12
     5   -13
     8    -6
     1     6
     9    -4
    -2     4
    -5   -12
     5   -14
    -4   -14
    -4   -14
     6   -13
     0     8
    -6   -12
     8   -11
     8    -7
     4   -13
    -5   -13
     5   -14
     9    -6
    -1     7
    -1     8
     7   -13
    -7   -11
     6   -13
    10    -8
    -2     7
     4   -14
     7   -13
     1     8
    -1     9
    -1   -14
    -3   -14
     1     4
     8   -12
   -10    -7
    -9    -9
    -5   -14
   -10    -8
     2     8
    -4   -14
    -9   -10
     3   -14
     6   -13
    -1    10
     3   -14
     9   -12
    -6   -12
     8   -13
    -1    11
    -2     9
     2     1
    -2   -15
    10    -4
    -2     6
    -1    12
    -2   -16
    10   -10
     2     3
    -5   -15
    10   -12
     2     6
    10   -13
     0    10
    10   -14
    -3   -16
    -1   -16
    11   -12
     0    11
   -11    -8
     0   -16
     2     9
     2     5
    -2    11
    -7   -12
     0    12
    10   -14
     0    13
    10   -15
    -3   -17
   -10    -6
    -5   -16
     3     6
    -5   -17
    -2     8
    -9   -11
     9   -15
    10   -15
    -1   -17
    -9   -12
   -10   -12
    -6   -17
     0   -17
    11   -10
    12   -10
    -1    13
    -6   -16
    -6   -16
     3     9
     1   -17
    11   -14
     0   -17
    -2    10
    -2    12
    -3    11
    -3     6
    12   -11
    13   -11
    -4     6
    12   -11
     2   -17
   -10   -13
    -6   -17
    -5     6
   -10   -14
    -7   -16
    -7   -15
    13   -10
    -7   -15
    -8   -15
   -10   -10
    -7   -16
     9   -15
   -10   -11
     1   -17
   -10   -15
   -11   -10
     3   -17
    -3    12
     3   -17
   -11   -14
     4   -17
    11    -8
   -11   -13
    13    -9
    10   -13
     1    13
     5   -17
     5   -15
    -1    14
    -1    15
    -6   -18
     1    12
    -2    14
    -7   -18
     1    11
    -3     8
    -6   -19
    -5   -19
    -6   -18
   -12   -13
    14    -9
    -4   -19
   -10   -16
    -6   -19
   -12   -14
    -3   -19
     1    14
   -11    -6
    13   -12
    10   -16
    -1    16
    -2    16
    -3   -20
    -3   -20
     3     8
    -2   -20
    -1   -20
    -8   -18
    -1   -19
   -12   -15
    -3   -20
    -7   -19
    -2   -20
     0   -20
    11   -16
    12   -16
     2    12
     2    13
     0    16
     0   -19
    -2   -20
    -8   -19
     0    17
   -11   -11
     1   -20
   -10   -17
    -1   -21
   -12    -8
   -10   -18
     0    18
    14   -11
    -3    10
    -1   -22
    -2    17
     3    12
     1   -19
     4     8
    -8   -20
    13   -16
    -3    17
     1   -21
     1    17
   -12    -9
    -4    12
     0    19
    -1   -23
    -3     9
     2   -19
     3     0
     1    15
     0   -23
    -4    17
     1    19
     1    18
     1   -23
    -1   -23
    10    -6
     2   -20
     2    19
     1   -22
    12   -14
    10    -3
     2   -23
    -2   -22
    13   -13
     2    17
   -12   -16
     3   -20
    -1   -23
     2    14
     2   -22
    14   -16
    -2   -23
     3     3
     3     4
   -13   -13
   -12   -17
    -4    18
    -3   -23
    15   -16
    13   -14
    -8   -21
    14    -8
    -4     8
   -13   -12
     3    19
     3   -23
    -2   -23
     2    15
    -4    19
    15   -17
     3   -21
    -4   -23
     3     1
     4   -20
    -4    16
   -13   -15
     4   -21
     1   -23
   -13   -14
    -4   -23
   -10   -19
    -5     8
    -1   -23
    -5   -23
    11    -6
    -5     9
   -13   -11
    -9   -21
     1   -23
    -5   -23
    15   -15
    -4   -23
   -14   -12
     3    17
     5   -21
    15   -11
    -6   -23
     6   -21
   -14   -15
    -5    10
    -1   -23
     4    19
   -15   -12
    -7   -23
     3     5
     3    16
     3   -23
     4    17
    -7   -22
    16   -17
    -4    15
   -13   -17
     5    19
     4   -19
     3    14
    15   -12
     0   -23
    -6    10
     7   -21
    16   -15
    -5    15
     4     7
     0   -23
    -5    14
    -5    18
   -14   -14
     6   -22
    -5    17
   -11   -19
    16   -12
    15   -17
     4   -23
    -9   -22
    -7   -23
     8   -21
   -15   -13
    -6     8
    -5    19
   -16   -12
    -5    20
   -13   -18
    15    -9
     3    15
     5    18
     6   -23
    -4   -24
    15    -8
     4    15
    -9   -23
     5   -19
    15   -18
    -6    15
    -6    18
   -11   -20
     5    15
    -5    21
     3    11
   -14   -18
    -4    21
    17   -17
     5    20
    -4    22
    -3    22
    -2    22
   -16   -13
    -6     6
   -15   -15
    -4   -25
     7   -23
     6    18
    -7    10
     5    14
    -5   -25
    -4   -26
    -3   -26
    15   -19
     8   -23
    -2    23
    -6   -25
    -3   -27
   -12   -20
   -10   -22
    -6    16
    16   -19
    -1    23
   -16   -14
    -1    22
     4     1
    -6    17
    -7    17
    -2   -27
    -2   -26
     0    22
    -1   -27
    -6     7
     6    14
   -13   -20
    -6   -26
     1    22
     7    14
     2    22
     8   -24
     6    20
     9   -23
   -10   -23
     4     9
    -6    21
    17   -16
     0   -27
    17   -18
     7    18
     0   -26
     8    18
     9   -21
     0   -27
    -4   -27
    10   -21
     6    21
    -6   -26
    -1    24
   -11   -22
     6    22
     0    24
     6    23
   -17   -14
   -14   -19
   -17   -15
     7    22
    -6    22
    -6    23
    16   -20
     1   -27
   -17   -12
     8    22
     1   -28
   -12   -22
   -17   -16
   -17   -17
    17   -20
     1   -26
   -10   -24
    -6   -27
     6    24
    -7   -27
    -3   -28
    10   -22
   -13   -22
     2   -26
     3   -26
    -7     7
    18   -17
     2   -28
   -13   -23
     7    24
     7    15
   -14   -20
    -6   -28
    -7   -27
     3   -28
     8    19
     8    15
     4   -26
   -10   -25
     8    20
     9    18
     8    24
     0   -28
   -14   -23
    10   -23
   -14   -22
     4   -27
   -15   -22
    -7    16
     4   -28
    11   -23
    -6   -27
    19   -17
    -5   -28
    -6   -27
     0   -28
     0   -28
     5   -28
     8    25
    -7   -28
     8    23
    -8    16
    -7    18
    -8   -28
     9    19
     1   -29
     9    24
     4   -29
     8    26
    -6    24
   -13    -8
    11   -24
     5   -29
    -8     7
     4   -30
     5   -26
    -7    19
    -8    15
    10    24
     9    20
    18   -20
    -7     9
   -18   -12
     1   -30
     0   -30
    -7    23
    -8   -27
    10    25
    -6   -29
    20   -17
   -11   -25
   -18   -14
     8    27
    -9   -27
   -10   -27
     4   -31
    -6    25
   -17   -18
     4    12
    -5    12
     0   -31
    11   -22
   -11   -26
    20   -16
    10    23
    10    20
    18   -19
     6   -28
     5   -31
    10    26
     1   -31
     5     8
     5   -31
    12    -6
     6   -29
   -12   -26
     7   -28
    16    -9
   -18   -18
    10    19
    11    26
    -8    23
    -7    25
    19   -19
     4     5
    -9    23
   -12   -25
    -8    19
     2   -31
    12   -22
   -18   -19
    16   -11
   -12    -6
    12   -24
   -10   -28
    -7    26
     7   -27
     8   -28
     8   -29
    -1   -31
   -12   -27
    16   -13
    19   -20
     2   -31
    -9    24
     6   -31
     4   -31
   -10    23
    20   -15
    21   -16
     9    17
    17   -11
   -10   -29
    11    27
     8   -30
    11    25
    -8    17
    16    -8
   -13   -27
   -18   -20
    11    28
   -10    22
    12   -25
   -10   -30
    13   -24
    -9    19
   -10   -31
   -11    22
     8   -31
   -12    22
    10    21
    -1   -32
   -14   -24
    13   -23
   -11   -29
    11    24
   -13    22
   -16   -22
    18   -11
     9   -30
   -19   -19
    13   -22
    -7    27
    -1   -32
     2   -32
    11    23
   -18   -16
    -9   -31
     5     5
   -14    22
    11    -3
     6   -32
    12    27
    11    29
    12    29
    -8    14
    -1   -33
     9   -31
     2   -33
    11    30
    13    29
     2   -34
    21   -15
    -2   -33
    20   -18
    -8    26
    -8    27
     9   -32
    13    28
    -9    20
    14   -24
    -3   -33
   -14    21
    12   -26
     9    15
   -12   -29
   -18   -15
    -9     7
   -13   -26
   -13   -29
    -1   -34
   -14    23
    -2   -34
    13    27
    12   -27
    10   -32
    10    30
   -14   -26
   -11   -31
   -15   -26
     9   -29
     3   -34
     9    16
    18   -10
     4   -34
    20   -19
    10    31
    -3   -34
     4   -35
    10    29
    12   -28
    -3   -35
    12    -3
    15   -24
    10    32
   -16   -26
    -9    25
    21   -19
    14    27
   -16   -23
    14    26
    -4   -34
    13    30
    19   -21
    10    17
    22   -15
   -20   -19
    -9    27
   -20   -20
    11    32
    14    29
    16   -24
     4   -36
    11    33
    -5   -34
     5   -34
    15    27
    12    33
   -15    21
    13    33
     4   -37
    15    28
    -5   -35
     6   -34
    -8    10
    -5   -33
    11    17
     3   -37
    14    33
     9    30
   -13   -30
    22   -14
    -6   -34
    10   -33
    16    28
    -9    28
    15    33
     2   -37
    15    32
   -14    24
    22   -19
   -14   -29
     5    12
    19   -22
     1   -37
   -13    -6
    15    31
   -19   -16
   -13   -10
    -6   -33
    16    33
    -9    29
     2   -37
   -16   -24
    11    19
    10    33
   -20   -18
    12   -29
     5   -36
    16    27
    12    17
     0   -37
    11   -33
    -5   -36
   -21   -18
    10    15
    -5   -37
    11   -34
    13   -27
    17   -24
   -14    25
   -15   -29
    10   -31
   -13   -31
     5   -37
    -6   -37
     1   -37
   -15    22
    -7   -37
   -15   -28
    17    28
   -14   -31
    -9    30
    16    32
    -1   -37
    14   -27
    11    21
    -6     5
   -21   -20
    12    18
    23   -15
    -7   -37
    13   -29
    -9    31
    17    -8
   -15   -30
    -7   -34
     9    33
    -7   -33
    22   -18
    11   -31
    14   -29
    14   -26
    12   -34
    11   -35
     4   -37
    -7   -35
    18   -24
    13   -34
    13   -35
     2   -37
   -10     7
    16    31
    -8   -34
    13   -35
    -5   -37
   -21   -21
   -21   -22
    -7   -37
     8    33
     7    33
    -8   -37
    12    23
   -16   -27
    16    26
    17    32
    14   -28
    15   -28
    11   -36
   -15    23
    16   -28
    -1   -37
   -22   -21
    17    31
    -4   -37
    -8   -36
    -4   -37
    16    34
    14   -35
    17    34
    12    16
   -20   -16
     1   -38
    -7   -38
    -9   -34
    12    24
    17    26
    -9   -37
    15   -35
    19   -24
    -1   -38
   -17   -27
     7    34
    15   -34
    12   -31
    -9   -36
   -16   -29
    19   -25
    15   -33
    15   -35
   -10    30
   -17   -28
    13    18
    14   -35
    17    34
   -18   -27
    -9   -35
    22   -17
    16   -33
    13    24
   -10    31
     5   -38
    18    31
     5     6
    14    24
     6   -38
   -21   -19
   -22   -19
    -7   -38
    16    35
    -9   -38
    14    23
    -1   -39
    18    32
     6    34
     1   -39
     6   -39
    11   -37
     7   -39
   -21   -23
   -10   -35
    13    19
    18    -9
   -17   -29
    20   -25
    16    36
     1   -40
    13    20
