   0.00000E+00     -Infinity
   0.69315E+00   0.20794E+01
   0.10986E+01   0.31781E+01
   0.13863E+01   0.37842E+01
   0.16094E+01   0.42195E+01
   0.17918E+01   0.46821E+01
   0.19459E+01   0.49698E+01
   0.20794E+01   0.52575E+01
   0.21972E+01   0.55134E+01
   0.23026E+01   0.57170E+01
   0.23979E+01   0.59026E+01
   0.24849E+01   0.60497E+01
   0.25649E+01   0.61944E+01
   0.26391E+01   0.63226E+01
   0.27081E+01   0.64232E+01
   0.27726E+01   0.65028E+01
   0.28332E+01   0.65653E+01
   0.28904E+01   0.66280E+01
   0.29444E+01   0.66809E+01
   0.29957E+01   0.67286E+01
   0.30445E+01   0.67731E+01
   0.30910E+01   0.68189E+01
   0.31355E+01   0.68533E+01
   0.31781E+01   0.68721E+01
   0.32189E+01   0.68865E+01
   0.32581E+01   0.68977E+01
   0.32958E+01   0.69037E+01
   0.33322E+01   0.69078E+01
   0.33673E+01   0.69078E+01
   0.34012E+01   0.69078E+01
   0.34340E+01   0.69078E+01
   0.34657E+01   0.69078E+01
   0.34965E+01   0.69078E+01
   0.35264E+01   0.69078E+01
   0.35553E+01   0.69078E+01
   0.35835E+01   0.69078E+01
   0.36109E+01   0.69078E+01
   0.36376E+01   0.69078E+01
   0.36636E+01   0.69078E+01
   0.36889E+01   0.69078E+01
   0.37136E+01   0.69078E+01
   0.37377E+01   0.69078E+01
   0.37612E+01   0.69078E+01
   0.37842E+01   0.69078E+01
   0.38067E+01   0.69078E+01
   0.38286E+01   0.69078E+01
   0.38501E+01   0.69078E+01
   0.38712E+01   0.69078E+01
   0.38918E+01   0.69078E+01
   0.39120E+01   0.69078E+01
   0.39318E+01   0.69078E+01
   0.39512E+01   0.69078E+01
   0.39703E+01   0.69078E+01
   0.39890E+01   0.69078E+01
   0.40073E+01   0.69078E+01
   0.40254E+01   0.69078E+01
   0.40431E+01   0.69078E+01
   0.40604E+01   0.69078E+01
   0.40775E+01   0.69078E+01
   0.40943E+01   0.69078E+01
