    74    93
    74    94
    74    95
    75    92
    75    96
    75    96
    75    97
    75    98
    76    93
    76    93
    76    93
    76    95
    76    95
    76    95
    76    99
    76    99
    77    92
    77    95
    77    95
    77    95
    77   100
    77   100
    77   101
    77   102
    78    90
    78    91
    78    92
    78    92
    78   103
    79    89
    79   103
    80    89
    80    89
    80    91
    80    91
    80    91
    80    91
    80   103
    80   103
    81    88
    81    88
    81   104
    82    86
    82    87
    82    87
    82   103
    82   103
    83    85
    83    89
    83    89
    83    89
    83    89
    83   102
    83   102
    83   102
    84    85
    84   103
    85    82
    85    83
    85    84
    85    85
    85    89
    85    89
    85    89
    85    89
    85   103
    85   103
    85   104
    85   110
    85   111
    86    81
    86    85
    86    85
    86    85
    86   105
    86   106
    86   107
    86   108
    86   109
    86   109
    86   112
    87    80
    87    81
    87    82
    87    82
    87    82
    87   105
    87   105
    87   105
    87   112
    88    79
    88   109
    88   109
    88   109
    88   109
    88   112
    88   112
    88   113
    89    77
    89    78
    89    79
    89   114
    90    74
    90    75
    90    76
    90    79
    90    79
    90    79
    90   112
    90   112
    90   113
    91    73
    91    76
    91    76
    91    76
    91   112
    92    73
    92   112
    92   112
    92   113
    93    74
    93    74
    93    76
    93    76
    93    76
    93    76
    93   114
    94    74
    94    74
    94   114
    94   114
    94   115
    95    73
    95   113
    95   113
    95   113
    95   113
    95   116
    95   116
    96    73
    96    73
    96   117
    97    72
    97   112
    97   112
    97   112
    97   112
    97   117
    98    72
    98   117
    99    73
    99    74
    99    75
    99    76
    99    76
    99   115
    99   115
    99   115
    99   116
    99   116
   100    76
   100   117
   101    77
   101    77
   101   116
   101   116
   102    77
   102   115
   102   115
   103    78
   103    78
   103    78
   103   115
   103   115
   104    77
   104   116
   105    78
   105    78
   105   109
   105   109
   105   109
   105   112
   105   112
   105   112
   105   116
   106    78
   106    81
   106    81
   106    82
   106    83
   106    83
   106    83
   106   108
   106   108
   106   110
   106   111
   106   112
   106   115
   106   115
   107    79
   107    80
   107    82
   107   108
   107   108
   107   113
   107   114
   108    83
   108    83
   108   109
   108   109
   109    83
   109    86
   109    86
   109    86
   109    86
   109   110
   110    83
   110    87
   110    87
   110    88
   110    88
   110    90
   110    90
   110    90
   110    97
   110    97
   110    98
   110    98
   110   105
   110   105
   110   105
   110   110
   111    84
   111    85
   111    86
   111    88
   111    90
   111    91
   111    92
   111    92
   111    97
   111    99
   111    99
   111   104
   111   104
   111   106
   111   106
   111   109
   111   109
   112    88
   112    90
   112    92
   112    94
   112    94
   112    95
   112    96
   112    99
   112   102
   112   102
   112   103
   112   107
   112   108
   113    89
   113    93
   113   100
   113   101
