    89   100
    99   100
    98   100
   100    99
    99    99
    99    98
    98    98
    97    98
    99    97
    99   101
   100   101
    98    99
    98   101
   100    98
    96    98
    95    98
    98    97
    99    96
    94    98
    97    97
    93    98
    97    96
    98   102
    98    96
   101    98
   101    97
    97   102
    93    99
    99    95
    97    99
   100    95
   101    99
   100    97
    96    96
    92    98
   100    94
    96    97
    99    94
   100    96
   102    98
    96    99
    95    96
   102    99
   100    93
   101    93
    99   102
    92    99
    99    93
   101   101
    95    97
    97   101
   101    96
    97   103
    95    95
    95    99
    96   101
    94    97
    97   100
   102    96
   102    97
    92    97
   102    95
    98    93
    98    92
    96    95
   103    98
    98    91
    95   100
    93    97
   103    97
    92    96
    98    90
    96   102
    95   101
   102   101
    98    95
    97    95
   103    96
    91    98
   101    95
   101    94
   102    94
    92   100
    90    98
    99    92
   102   100
    98   103
   100   102
   100   103
   104    97
   103    95
    94    96
    94   101
    95   102
    97    94
    98    94
   102   102
    96   100
   103    94
    94    95
    96    94
    98    89
    97    91
    94    99
    93    96
    92   101
    99    90
   101   103
    90    97
    98   104
    97   104
   104    96
   101   100
    98   105
   103   100
    99   103
   103    99
    91   101
    93    95
   100    92
    91    99
    91    96
    93   101
    89    97
    95   103
    89    96
    99   105
   104    95
    92    95
    91    97
    94   100
   103   101
    99   104
    91    95
   100    91
    96    91
    96    90
    97    90
    90   101
    98    88
   102    93
    98   106
   104    99
    97   106
    90   102
   105    96
    96    93
    90   100
    97   105
    93    94
    96   105
    96   103
   105    95
    90    99
    91   102
    94   102
    99    91
    90    96
    99   106
    99    88
   102    92
    93   100
    97    89
    96    89
    92    94
    88    97
   104    98
    96    92
    90    95
   105    94
    96    88
    90    94
   104    94
    89    98
    91    94
    89    95
    95    92
    93    93
    90    93
   101   102
    95   104
    94   103
    95   105
   101   104
   104   101
    99    89
    91   100
   100    90
   104   100
    93   102
   103    93
    96   104
    97    88
    98    87
   102   103
   101    92
    95    94
   105    99
    99    87
    95    93
   103   102
   100   104
   100   105
   106    95
   106    94
   104   102
    93   103
    97    92
    97    87
    89    94
    95    89
    97   107
   105    97
    95    91
   101   105
   105    98
   101    90
   102   105
   101    91
   102    91
    87    97
   105    93
    97    86
    96    86
    88    96
   101   106
    96    87
   100   106
   100   107
    91    93
   105   102
   105    92
   105   101
    97   108
    89   101
    95   106
   106   102
    92    93
    96    85
    94    94
    97    93
   105   103
    96    84
    96   106
   104    93
    95    84
    92    92
   107    95
    89   102
   100    89
   100    88
    86    97
    85    97
   103   103
   102   106
    94    91
    95    85
   101   107
   102    90
    91    92
   105   100
   102   104
   104   103
    88    95
    87    98
   103    92
    98   108
    90    92
    89   103
    87    96
    94    93
   106   103
   106   101
    94    92
    91   103
   101    88
    92   102
   103   104
   103   105
    95    83
    92   103
    89    99
    84    97
    89    93
   107   101
    90   103
   104   105
    88    98
    95    86
    99   107
    89    92
   105   104
    88   101
   107   103
    91   104
    90   104
    87   101
    89   100
   100   108
   102    89
   104   104
   101   108
   103    91
   101    89
    99   108
    86    96
    98   107
    89    91
    92   104
   102   107
    87   100
   104    91
    96    83
    97    83
    98    83
    93    92
   102   108
    88    92
    88    93
    95    90
   106    96
   105   105
    97    85
   103   107
    92   105
    87    99
    97    82
    92    91
    98    84
    96   108
    94   106
    90    91
    94    84
    94    86
    94   105
    95    87
    94    85
    91   105
    86   100
    93   104
    90    90
   100    87
   100   109
    96    82
   103    89
   103    88
   107    96
    95    82
   107    94
    93    85
    94   104
    96   107
   101    87
    94    82
    98   109
   108    95
    88    94
   102    87
    93    91
    98    82
    97    84
   105   106
    84    96
    91    91
   102    86
    98   110
   107    93
    91    90
   108    94
    90    89
   106    93
   103    87
    95    88
   105    91
    84    95
    88    91
   103    90
   103   106
    94    88
    99    82
   104    89
   108   103
   103    86
    91    89
   104    92
    88    99
    83    95
    96    81
    85    98
    87    94
   107    92
   104   106
   104    87
    94    87
    82    95
    99    83
    97    81
    85    95
    98    81
    93    88
    88    90
    93    86
    99   109
   101    86
   102    88
    96    80
    89    90
   106    91
    93    84
   101   109
    91    88
    81    95
    85    96
    95   108
   104   107
    88   100
    83    97
    83    98
    86    99
   104    86
    90   105
    83    94
    94    90
    94    83
    95   107
    93   105
    86    95
    89   104
   106    97
   102   109
    98    85
   102    85
    92    84
    83    93
   108   104
    97   109
    80    95
   106   100
    81    96
    92    88
    94   107
    98    86
   104    88
   101    85
    95   109
    81    97
    84    93
   108   102
    86    94
    91    84
    99    81
    99    80
    84    94
    96   109
   108    96
    91    87
   106    99
   109    94
    87   102
    87    95
    93    83
   106    92
   107   102
    87    93
   104    85
   100   110
    93    87
    88    89
   100    82
    84    92
    86    98
    83    96
    97    80
    79    95
    85    99
    99    84
    92   106
    82    96
   100   111
    92    86
   106    90
    84    98
   109    95
    80    96
    82    97
    94   108
   104   108
   108    93
    89    89
    92    87
   105    85
    96    79
   104    90
   101    84
   101   111
   105    84
    80    97
    88   102
    88   103
    99   110
   101   110
   100    84
    92   107
    88    88
    88   104
   101    82
    86   101
   104    84
    86    93
    81    94
   101    83
    85    92
   108   101
    95    79
   100    83
   107   100
    79    96
    99    86
   103    85
    95    78
    81    98
    93   106
    95    81
   105    87
    82    93
    93   107
   109   101
    94    89
    91    85
    93    90
   105    83
    86   102
    85    94
    92    85
   108   105
   109   102
    88    87
    82    92
    83    92
    97   110
    85    93
    97   111
    82    98
   106   105
    92   108
    94    79
    91   108
   104    83
    99   111
   107    97
   105    90
   106   104
   103    84
    93    79
   108   106
   100    81
    92    89
    98    80
    94    81
    93    82
    89    88
    82    94
    93   108
    95    80
    91    83
    84    99
    88   105
   106    89
    98    79
   102   110
   107    99
    90    83
   104    82
    90    87
    92    90
    82    99
    94   109
    89    87
   106    85
    96   111
    78    95
    90    84
   103    82
    93   109
    87    92
   109   103
    85   100
   106    86
   109    93
    87    88
   101    81
    81    93
    91   109
    90    88
    97    79
   106   106
   107    89
   105    86
    91   106
   106    98
   102    82
    80    94
    79    97
    86    88
   105   107
    80    98
    97    78
   108   100
    87   103
    87    89
    82   100
   103   108
   103   109
    96    78
    89    83
   104    81
    92    82
    87    87
    87   104
    93    89
    94    80
   107   104
   110    93
    93    81
    79    94
    98    78
    78    97
   105    89
   100    80
   107    90
    90   106
    87    90
    98   111
    92   109
    92    79
   110   101
   110    94
   107   105
   108    89
    89   106
    85    88
   111    94
   102    83
    93   110
   109   104
   103    83
   107    91
    96   112
    99    78
    85    91
   110    92
   107    98
    85    87
    78    98
    90    82
    82   101
    81   100
    94   110
    78    94
    96   113
   108    91
    95   110
   102    81
   105    81
   103    81
    78    93
    85    90
   101    80
    89   105
    79    98
    83   100
   109   100
    86    87
    91    82
    99    79
    84    90
    77    98
   102   111
   105   108
   104    80
    80    93
    99    85
   109   105
   109   106
    91   110
    94    78
   107   106
   109    99
    99   112
   104   109
    95   111
    93    80
    83   101
   110   106
    98    77
    86   103
    96   110
   103   111
   102    84
    81    92
    97    77
   100    85
   103    80
    92   110
    98    76
    99    77
    92    78
    83    99
    94   111
   105    88
    77    97
    78    96
    95   112
    89    82
    77    96
    86    91
    81   101
    90   109
    97    76
    99   113
   100    79
   110   100
   106    87
    94   112
    93    78
   101    79
   103   112
    91    86
    93   111
    92   111
   104   112
    97    75
    87    91
   100    86
    87    86
   104   113
    96   114
   110   102
    86    90
    91   111
   100    78
   106   107
   110    95
   104    79
   108    90
    96   115
    86    89
    84    88
   109    96
    86    92
   103    79
    76    96
   110   103
    88    83
   108    99
    88    82
   110   107
    96    75
    82    91
    92    77
   104   110
    92    83
    81    99
   106    84
    80   101
    92    81
    90    85
    88    86
   105   113
    90    81
    89   107
    78    99
    98   112
    95    75
    84   101
    81    91
   111    95
   108    98
    95    76
    90   107
   106   113
    84    87
    84    86
    78   100
    83    88
    93    77
    90   108
   109    91
    91   107
    91    81
   102   112
    88    81
    78   101
   107    87
   109    98
   110    96
   109   107
   106    88
    83    90
    97   115
    77    94
   107    86
    96    76
   108    97
    85   102
   109    89
    98   113
    89   108
   107    88
    95   115
   110   104
    90   111
    97   114
   105    82
   109    92
    88    84
    83    91
   105    80
   104    78
   109    90
    79    93
   103   110
   109    88
    89    81
    79   100
    82   102
    90    86
    79   101
   102    80
    96   116
   107    85
   109    97
   105   114
    99   114
   110    89
   109   108
    94    77
    80   100
    89    86
    89   109
   103   113
    80   102
    79    92
    81   102
    94    76
   104   111
    84   102
    89   110
   111   102
   100    77
   102   113
   110    99
    88   110
   108   107
   107    84
    91    78
    78   102
    94   113
    93   112
    92    76
    94    75
   105   110
   110   108
    87    83
    82    90
    80    92
    79    91
   111   103
    90   110
    85    86
   111   101
   108    88
    84    89
    80    99
    84    91
    88   106
    97   113
    92    80
    98    75
    91    80
    89    80
    89    84
    98   114
    91    77
    82    88
   102    79
   112   101
   104   114
    90    77
   108   108
   108    85
   107   107
    88   111
    76    94
    93    75
   100   112
   100   114
   100   115
   107    83
    89    85
    88   107
    89   111
    87   110
   103   114
    81    90
    86   110
   101   113
   108    92
    87    84
    81    89
    98    74
    75    94
   110   109
    88   108
    95    77
    87   106
    85   101
    86   104
   108    86
    79   102
   100   113
    77    93
    92    75
    88    85
    81   103
   106    80
   101   114
    75    93
   106   114
    96    77
    86    83
    89   112
    86   111
    93   113
   105    79
   108    87
    84   100
    91    79
    87   111
    76    97
    77    99
    83    87
    97    74
   108    84
    90    78
   109    85
    86    86
    82    89
    87   109
   111    96
    98   115
    88    80
    92    74
   100   116
   111   100
    89   113
    76    98
    91    74
    98   116
   106    79
   110    85
    80    90
    79    90
   101   115
   109    84
    97   116
   101   112
   112   100
    75    95
   111    89
    83    86
   112    89
    95    74
    86    84
   105   111
    98    73
   109   109
   109    87
   102    78
   105   115
   101    78
    87   108
    95   114
   102   114
    87    85
   110    91
    91    75
   111    93
    86    82
   111   108
    79    99
    90    80
   110    86
   112    93
    87   107
    96    74
    97    73
   110    84
   111   107
   104   115
