    89    98
    90    97
    90    99
    91    96
    91    97
    91    97
    91    99
    91    99
    91   100
    92    95
    92   101
    93    95
    93    96
    93    96
    93    96
    93   100
    93   100
    93   101
    94    94
    94    99
    94    99
    94    99
    94   100
    94   100
    94   102
    94   102
    95    94
    95   103
    96    94
    96    94
    96   103
    96   103
    97    90
    97    91
    97    92
    97    93
    97    93
    97   104
    98    89
    98   104
    99    90
    99    91
    99    91
    99   103
    99   103
    99   103
   100    92
   100    92
   100   104
   101    92
   101   100
   101   100
   101   100
   101   100
   101   102
   101   102
   101   102
   101   103
   102    93
   102    93
   102   103
   103    93
   103    99
   103    99
   103   100
   103   101
   103   102
   104    94
   104    95
   104    96
   104    96
   104    98
   104    98
   105    97
