   0.63290E+02   0.60653E+02   0.77881E+02
   0.94935E+02   0.47237E+02   0.60654E+02
   0.12658E+03   0.36788E+02   0.47238E+02
   0.15823E+03   0.28650E+02   0.36789E+02
   0.18987E+03   0.22313E+02   0.28652E+02
   0.22151E+03   0.17377E+02   0.22314E+02
   0.25316E+03   0.13534E+02   0.17379E+02
   0.28480E+03   0.10540E+02   0.13535E+02
   0.31645E+03   0.82085E+01   0.10541E+02
   0.34810E+03   0.63928E+01   0.82093E+01
   0.37974E+03   0.49787E+01   0.63935E+01
   0.41139E+03   0.38774E+01   0.49793E+01
   0.44303E+03   0.30197E+01   0.38779E+01
   0.47468E+03   0.23518E+01   0.30202E+01
   0.50632E+03   0.18316E+01   0.23521E+01
   0.53797E+03   0.14264E+01   0.18319E+01
   0.56961E+03   0.11109E+01   0.14267E+01
   0.60126E+03   0.86517E+00   0.11111E+01
   0.63290E+03   0.67379E+00   0.86533E+00
