   0.25000E+00   0.25000E+00
   0.49646E+00   0.49396E+00
   0.73956E+00   0.73209E+00
   0.97943E+00   0.96456E+00
   0.12162E+01   0.11915E+01
   0.14501E+01   0.14132E+01
   0.16811E+01   0.16297E+01
   0.19094E+01   0.18411E+01
   0.21351E+01   0.20477E+01
   0.23583E+01   0.22494E+01
   0.25792E+01   0.24465E+01
   0.27977E+01   0.26391E+01
   0.30140E+01   0.28271E+01
   0.32281E+01   0.30109E+01
   0.34402E+01   0.31903E+01
   0.36503E+01   0.33656E+01
   0.38585E+01   0.35367E+01
   0.40648E+01   0.37038E+01
   0.42693E+01   0.38670E+01
   0.44721E+01   0.40263E+01
   0.46732E+01   0.41818E+01
   0.48727E+01   0.43335E+01
   0.50706E+01   0.44815E+01
   0.52670E+01   0.46259E+01
   0.54619E+01   0.47666E+01
   0.56553E+01   0.49039E+01
   0.58474E+01   0.50376E+01
   0.60381E+01   0.51679E+01
   0.62274E+01   0.52948E+01
   0.64155E+01   0.54184E+01
   0.66024E+01   0.55386E+01
   0.67880E+01   0.56555E+01
   0.69725E+01   0.57692E+01
   0.71558E+01   0.58797E+01
   0.73379E+01   0.59870E+01
   0.75190E+01   0.60912E+01
   0.76990E+01   0.61922E+01
   0.78780E+01   0.62902E+01
   0.80559E+01   0.63851E+01
   0.82328E+01   0.64769E+01
   0.84088E+01   0.65658E+01
   0.85838E+01   0.66517E+01
   0.87579E+01   0.67346E+01
   0.89311E+01   0.68146E+01
   0.91034E+01   0.68917E+01
   0.92748E+01   0.69659E+01
   0.94454E+01   0.70372E+01
   0.96151E+01   0.71057E+01
   0.97840E+01   0.71713E+01
   0.99521E+01   0.72341E+01
   0.10119E+02   0.72942E+01
   0.10286E+02   0.73514E+01
   0.10452E+02   0.74059E+01
   0.10617E+02   0.74577E+01
   0.10781E+02   0.75067E+01
   0.10945E+02   0.75530E+01
   0.11107E+02   0.75966E+01
   0.11270E+02   0.76375E+01
   0.11431E+02   0.76757E+01
   0.11592E+02   0.77113E+01
   0.11752E+02   0.77442E+01
   0.11911E+02   0.77745E+01
   0.12070E+02   0.78021E+01
   0.12228E+02   0.78272E+01
   0.12386E+02   0.78496E+01
   0.12543E+02   0.78695E+01
   0.12699E+02   0.78868E+01
   0.12854E+02   0.79015E+01
   0.13009E+02   0.79136E+01
   0.13164E+02   0.79232E+01
   0.13318E+02   0.79303E+01
   0.13471E+02   0.79349E+01
   0.13624E+02   0.79369E+01
   0.13776E+02   0.79364E+01
   0.13927E+02   0.79334E+01
   0.14078E+02   0.79280E+01
   0.14228E+02   0.79200E+01
   0.14378E+02   0.79096E+01
   0.14527E+02   0.78967E+01
   0.14676E+02   0.78814E+01
   0.14824E+02   0.78636E+01
   0.14972E+02   0.78434E+01
   0.15119E+02   0.78208E+01
   0.15265E+02   0.77957E+01
   0.15411E+02   0.77683E+01
   0.15556E+02   0.77384E+01
   0.15701E+02   0.77062E+01
   0.15845E+02   0.76715E+01
   0.15989E+02   0.76346E+01
   0.16132E+02   0.75952E+01
   0.16275E+02   0.75535E+01
   0.16417E+02   0.75095E+01
   0.16559E+02   0.74631E+01
   0.16700E+02   0.74144E+01
   0.16840E+02   0.73634E+01
   0.16980E+02   0.73101E+01
   0.17119E+02   0.72545E+01
   0.17258E+02   0.71966E+01
   0.17397E+02   0.71364E+01
   0.17534E+02   0.70740E+01
   0.17672E+02   0.70093E+01
   0.17808E+02   0.69424E+01
   0.17944E+02   0.68732E+01
   0.18080E+02   0.68019E+01
   0.18215E+02   0.67283E+01
   0.18349E+02   0.66525E+01
   0.18483E+02   0.65746E+01
   0.18617E+02   0.64944E+01
   0.18749E+02   0.64121E+01
   0.18881E+02   0.63277E+01
   0.19013E+02   0.62411E+01
   0.19144E+02   0.61524E+01
   0.19275E+02   0.60616E+01
   0.19404E+02   0.59687E+01
   0.19534E+02   0.58737E+01
   0.19663E+02   0.57767E+01
   0.19791E+02   0.56776E+01
   0.19918E+02   0.55764E+01
   0.20045E+02   0.54733E+01
   0.20171E+02   0.53681E+01
   0.20297E+02   0.52609E+01
   0.20422E+02   0.51517E+01
   0.20547E+02   0.50406E+01
   0.20671E+02   0.49275E+01
   0.20794E+02   0.48125E+01
   0.20917E+02   0.46956E+01
   0.21039E+02   0.45768E+01
   0.21160E+02   0.44561E+01
   0.21281E+02   0.43335E+01
   0.21401E+02   0.42091E+01
   0.21520E+02   0.40829E+01
   0.21639E+02   0.39548E+01
   0.21757E+02   0.38250E+01
   0.21875E+02   0.36934E+01
   0.21991E+02   0.35600E+01
   0.22107E+02   0.34249E+01
   0.22223E+02   0.32881E+01
   0.22338E+02   0.31497E+01
   0.22452E+02   0.30095E+01
   0.22565E+02   0.28677E+01
   0.22678E+02   0.27242E+01
   0.22790E+02   0.25792E+01
   0.22901E+02   0.24325E+01
   0.23012E+02   0.22843E+01
   0.23122E+02   0.21346E+01
   0.23231E+02   0.19833E+01
   0.23339E+02   0.18305E+01
   0.23447E+02   0.16763E+01
   0.23554E+02   0.15206E+01
   0.23660E+02   0.13635E+01
   0.23765E+02   0.12049E+01
   0.23870E+02   0.10450E+01
   0.23974E+02   0.88378E+00
   0.24077E+02   0.72119E+00
   0.24180E+02   0.55729E+00
   0.24282E+02   0.39211E+00
   0.24382E+02   0.22568E+00
   0.24483E+02   0.58009E-01
