   0.50000E+00   0.49500E+00
   0.75000E+00   0.73875E+00
   0.10000E+01   0.98000E+00
   0.12500E+01   0.12187E+01
   0.15000E+01   0.14550E+01
   0.17500E+01   0.16887E+01
   0.20000E+01   0.19200E+01
   0.22500E+01   0.21487E+01
   0.25000E+01   0.23750E+01
   0.27500E+01   0.25987E+01
   0.30000E+01   0.28200E+01
   0.32500E+01   0.30387E+01
   0.35000E+01   0.32550E+01
   0.37500E+01   0.34687E+01
   0.40000E+01   0.36800E+01
   0.42500E+01   0.38887E+01
   0.45000E+01   0.40950E+01
   0.47500E+01   0.42987E+01
   0.50000E+01   0.45000E+01
   0.52500E+01   0.46987E+01
   0.55000E+01   0.48950E+01
   0.57500E+01   0.50887E+01
   0.60000E+01   0.52800E+01
   0.62500E+01   0.54687E+01
   0.65000E+01   0.56550E+01
   0.67500E+01   0.58387E+01
   0.70000E+01   0.60200E+01
   0.72500E+01   0.61987E+01
   0.75000E+01   0.63750E+01
   0.77500E+01   0.65487E+01
   0.80000E+01   0.67200E+01
   0.82500E+01   0.68887E+01
   0.85000E+01   0.70550E+01
   0.87500E+01   0.72187E+01
   0.90000E+01   0.73800E+01
   0.92500E+01   0.75387E+01
   0.95000E+01   0.76950E+01
   0.97500E+01   0.78487E+01
   0.10000E+02   0.80000E+01
   0.10250E+02   0.81487E+01
   0.10500E+02   0.82950E+01
   0.10750E+02   0.84387E+01
   0.11000E+02   0.85800E+01
   0.11250E+02   0.87187E+01
   0.11500E+02   0.88550E+01
   0.11750E+02   0.89888E+01
   0.12000E+02   0.91200E+01
   0.12250E+02   0.92487E+01
   0.12500E+02   0.93750E+01
   0.12750E+02   0.94987E+01
   0.13000E+02   0.96200E+01
   0.13250E+02   0.97387E+01
   0.13500E+02   0.98550E+01
   0.13750E+02   0.99687E+01
   0.14000E+02   0.10080E+02
   0.14250E+02   0.10189E+02
   0.14500E+02   0.10295E+02
   0.14750E+02   0.10399E+02
   0.15000E+02   0.10500E+02
   0.15250E+02   0.10599E+02
   0.15500E+02   0.10695E+02
   0.15750E+02   0.10789E+02
   0.16000E+02   0.10880E+02
   0.16250E+02   0.10969E+02
   0.16500E+02   0.11055E+02
   0.16750E+02   0.11139E+02
   0.17000E+02   0.11220E+02
   0.17250E+02   0.11299E+02
   0.17500E+02   0.11375E+02
   0.17750E+02   0.11449E+02
   0.18000E+02   0.11520E+02
   0.18250E+02   0.11589E+02
   0.18500E+02   0.11655E+02
   0.18750E+02   0.11719E+02
   0.19000E+02   0.11780E+02
   0.19250E+02   0.11839E+02
   0.19500E+02   0.11895E+02
   0.19750E+02   0.11949E+02
   0.20000E+02   0.12000E+02
   0.20250E+02   0.12049E+02
   0.20500E+02   0.12095E+02
   0.20750E+02   0.12139E+02
   0.21000E+02   0.12180E+02
   0.21250E+02   0.12219E+02
   0.21500E+02   0.12255E+02
   0.21750E+02   0.12289E+02
   0.22000E+02   0.12320E+02
   0.22250E+02   0.12349E+02
   0.22500E+02   0.12375E+02
   0.22750E+02   0.12399E+02
   0.23000E+02   0.12420E+02
   0.23250E+02   0.12439E+02
   0.23500E+02   0.12455E+02
   0.23750E+02   0.12469E+02
   0.24000E+02   0.12480E+02
   0.24250E+02   0.12489E+02
   0.24500E+02   0.12495E+02
   0.24750E+02   0.12499E+02
   0.25000E+02   0.12500E+02
   0.25250E+02   0.12499E+02
   0.25500E+02   0.12495E+02
   0.25750E+02   0.12489E+02
   0.26000E+02   0.12480E+02
   0.26250E+02   0.12469E+02
   0.26500E+02   0.12455E+02
   0.26750E+02   0.12439E+02
   0.27000E+02   0.12420E+02
   0.27250E+02   0.12399E+02
   0.27500E+02   0.12375E+02
   0.27750E+02   0.12349E+02
   0.28000E+02   0.12320E+02
   0.28250E+02   0.12289E+02
   0.28500E+02   0.12255E+02
   0.28750E+02   0.12219E+02
   0.29000E+02   0.12180E+02
   0.29250E+02   0.12139E+02
   0.29500E+02   0.12095E+02
   0.29750E+02   0.12049E+02
   0.30000E+02   0.12000E+02
   0.30250E+02   0.11949E+02
   0.30500E+02   0.11895E+02
   0.30750E+02   0.11839E+02
   0.31000E+02   0.11780E+02
   0.31250E+02   0.11719E+02
   0.31500E+02   0.11655E+02
   0.31750E+02   0.11589E+02
   0.32000E+02   0.11520E+02
   0.32250E+02   0.11449E+02
   0.32500E+02   0.11375E+02
   0.32750E+02   0.11299E+02
   0.33000E+02   0.11220E+02
   0.33250E+02   0.11139E+02
   0.33500E+02   0.11055E+02
   0.33750E+02   0.10969E+02
   0.34000E+02   0.10880E+02
   0.34250E+02   0.10789E+02
   0.34500E+02   0.10695E+02
   0.34750E+02   0.10599E+02
   0.35000E+02   0.10500E+02
   0.35250E+02   0.10399E+02
   0.35500E+02   0.10295E+02
   0.35750E+02   0.10189E+02
   0.36000E+02   0.10080E+02
   0.36250E+02   0.99688E+01
   0.36500E+02   0.98550E+01
   0.36750E+02   0.97387E+01
   0.37000E+02   0.96200E+01
   0.37250E+02   0.94988E+01
   0.37500E+02   0.93750E+01
   0.37750E+02   0.92488E+01
   0.38000E+02   0.91200E+01
   0.38250E+02   0.89887E+01
   0.38500E+02   0.88550E+01
   0.38750E+02   0.87188E+01
   0.39000E+02   0.85800E+01
   0.39250E+02   0.84388E+01
   0.39500E+02   0.82950E+01
   0.39750E+02   0.81488E+01
   0.40000E+02   0.80000E+01
   0.40250E+02   0.78488E+01
   0.40500E+02   0.76950E+01
   0.40750E+02   0.75388E+01
   0.41000E+02   0.73800E+01
   0.41250E+02   0.72188E+01
   0.41500E+02   0.70550E+01
   0.41750E+02   0.68888E+01
   0.42000E+02   0.67200E+01
   0.42250E+02   0.65487E+01
   0.42500E+02   0.63750E+01
   0.42750E+02   0.61988E+01
   0.43000E+02   0.60200E+01
   0.43250E+02   0.58387E+01
   0.43500E+02   0.56550E+01
   0.43750E+02   0.54687E+01
   0.44000E+02   0.52800E+01
   0.44250E+02   0.50887E+01
   0.44500E+02   0.48950E+01
   0.44750E+02   0.46988E+01
   0.45000E+02   0.45000E+01
   0.45250E+02   0.42987E+01
   0.45500E+02   0.40950E+01
   0.45750E+02   0.38888E+01
   0.46000E+02   0.36800E+01
   0.46250E+02   0.34688E+01
   0.46500E+02   0.32550E+01
   0.46750E+02   0.30387E+01
   0.47000E+02   0.28200E+01
   0.47250E+02   0.25988E+01
   0.47500E+02   0.23750E+01
   0.47750E+02   0.21488E+01
   0.48000E+02   0.19200E+01
   0.48250E+02   0.16888E+01
   0.48500E+02   0.14550E+01
   0.48750E+02   0.12188E+01
   0.49000E+02   0.98000E+00
   0.49250E+02   0.73875E+00
   0.49500E+02   0.49500E+00
   0.49750E+02   0.24875E+00
   0.50000E+02   0.39063E-05
