   0.25000E+00   0.25000E+00
   0.49646E+00   0.49396E+00
   0.73951E+00   0.73204E+00
   0.97925E+00   0.96438E+00
   0.12158E+01   0.11911E+01
   0.14492E+01   0.14124E+01
   0.16797E+01   0.16283E+01
   0.19072E+01   0.18390E+01
   0.21319E+01   0.20446E+01
   0.23538E+01   0.22452E+01
   0.25731E+01   0.24408E+01
   0.27899E+01   0.26317E+01
   0.30041E+01   0.28179E+01
   0.32159E+01   0.29994E+01
   0.34253E+01   0.31765E+01
   0.36325E+01   0.33490E+01
   0.38374E+01   0.35173E+01
   0.40401E+01   0.36812E+01
   0.42407E+01   0.38409E+01
   0.44392E+01   0.39965E+01
   0.46358E+01   0.41481E+01
   0.48304E+01   0.42956E+01
   0.50231E+01   0.44392E+01
   0.52139E+01   0.45789E+01
   0.54030E+01   0.47147E+01
   0.55903E+01   0.48468E+01
   0.57758E+01   0.49752E+01
   0.59597E+01   0.51000E+01
   0.61420E+01   0.52211E+01
   0.63226E+01   0.53387E+01
   0.65017E+01   0.54528E+01
   0.66793E+01   0.55633E+01
   0.68554E+01   0.56705E+01
   0.70300E+01   0.57743E+01
   0.72033E+01   0.58747E+01
   0.73751E+01   0.59719E+01
   0.75456E+01   0.60657E+01
   0.77147E+01   0.61564E+01
   0.78826E+01   0.62438E+01
   0.80492E+01   0.63281E+01
   0.82145E+01   0.64092E+01
   0.83786E+01   0.64873E+01
   0.85415E+01   0.65623E+01
   0.87033E+01   0.66342E+01
   0.88639E+01   0.67031E+01
   0.90234E+01   0.67691E+01
   0.91818E+01   0.68321E+01
   0.93391E+01   0.68922E+01
   0.94954E+01   0.69493E+01
   0.96506E+01   0.70036E+01
   0.98048E+01   0.70550E+01
   0.99579E+01   0.71036E+01
   0.10110E+02   0.71494E+01
   0.10261E+02   0.71924E+01
   0.10412E+02   0.72326E+01
   0.10561E+02   0.72701E+01
   0.10709E+02   0.73048E+01
   0.10857E+02   0.73369E+01
   0.11004E+02   0.73662E+01
   0.11149E+02   0.73928E+01
   0.11294E+02   0.74168E+01
   0.11438E+02   0.74382E+01
   0.11581E+02   0.74569E+01
   0.11724E+02   0.74731E+01
   0.11865E+02   0.74866E+01
   0.12006E+02   0.74976E+01
   0.12146E+02   0.75060E+01
   0.12285E+02   0.75118E+01
   0.12424E+02   0.75151E+01
   0.12561E+02   0.75159E+01
   0.12698E+02   0.75142E+01
   0.12834E+02   0.75100E+01
   0.12970E+02   0.75033E+01
   0.13104E+02   0.74942E+01
   0.13238E+02   0.74826E+01
   0.13371E+02   0.74686E+01
   0.13504E+02   0.74521E+01
   0.13636E+02   0.74333E+01
   0.13767E+02   0.74120E+01
   0.13897E+02   0.73883E+01
   0.14027E+02   0.73623E+01
   0.14156E+02   0.73339E+01
   0.14284E+02   0.73032E+01
   0.14412E+02   0.72701E+01
   0.14539E+02   0.72347E+01
   0.14665E+02   0.71970E+01
   0.14791E+02   0.71570E+01
   0.14916E+02   0.71147E+01
   0.15040E+02   0.70701E+01
   0.15164E+02   0.70232E+01
   0.15287E+02   0.69741E+01
   0.15409E+02   0.69228E+01
   0.15531E+02   0.68692E+01
   0.15652E+02   0.68135E+01
   0.15772E+02   0.67555E+01
   0.15892E+02   0.66953E+01
   0.16011E+02   0.66330E+01
   0.16130E+02   0.65684E+01
   0.16247E+02   0.65018E+01
   0.16365E+02   0.64330E+01
   0.16481E+02   0.63620E+01
   0.16597E+02   0.62890E+01
   0.16712E+02   0.62138E+01
   0.16827E+02   0.61366E+01
   0.16941E+02   0.60573E+01
   0.17055E+02   0.59759E+01
   0.17167E+02   0.58925E+01
   0.17279E+02   0.58071E+01
   0.17391E+02   0.57196E+01
   0.17502E+02   0.56302E+01
   0.17612E+02   0.55387E+01
   0.17722E+02   0.54453E+01
   0.17831E+02   0.53499E+01
   0.17939E+02   0.52525E+01
   0.18047E+02   0.51533E+01
   0.18154E+02   0.50521E+01
   0.18260E+02   0.49490E+01
   0.18366E+02   0.48440E+01
   0.18471E+02   0.47372E+01
   0.18576E+02   0.46284E+01
   0.18680E+02   0.45179E+01
   0.18783E+02   0.44055E+01
   0.18886E+02   0.42913E+01
   0.18988E+02   0.41753E+01
   0.19089E+02   0.40575E+01
   0.19190E+02   0.39379E+01
   0.19290E+02   0.38166E+01
   0.19389E+02   0.36936E+01
   0.19488E+02   0.35688E+01
   0.19587E+02   0.34424E+01
   0.19684E+02   0.33142E+01
   0.19781E+02   0.31844E+01
   0.19878E+02   0.30529E+01
   0.19973E+02   0.29198E+01
   0.20068E+02   0.27850E+01
   0.20163E+02   0.26486E+01
   0.20257E+02   0.25107E+01
   0.20350E+02   0.23711E+01
   0.20443E+02   0.22300E+01
   0.20535E+02   0.20873E+01
   0.20626E+02   0.19432E+01
   0.20717E+02   0.17975E+01
   0.20807E+02   0.16503E+01
   0.20896E+02   0.15016E+01
   0.20985E+02   0.13514E+01
   0.21073E+02   0.11998E+01
   0.21161E+02   0.10468E+01
   0.21248E+02   0.89230E+00
   0.21334E+02   0.73643E+00
   0.21420E+02   0.57918E+00
   0.21505E+02   0.42055E+00
   0.21590E+02   0.26056E+00
   0.21674E+02   0.99231E-01
