   61   81
   58   77
   47   19
   52   61
   42   58
   76   67
  -19   59
   30   91
   87   73
   27   80
   59   94
   14   48
   50    3
   43   55
  -10   83
   70   14
   43   92
   53   69
   36   67
   50   48
    9   43
   60   35
   69   47
   76   89
   26   84
   46   69
   33   69
   31   64
   39   19
   62   43
   50  101
   57   79
   68   57
   81    3
   20   75
   66   56
   55   36
   11    1
   42   51
    8   40
   13   51
   50  117
   84   40
   25   24
   40   62
   64   59
   25   37
   78   55
   22   26
   40   85
   66  107
   43   53
   24   31
   66   44
   19   88
   98   52
   49   40
   65   63
   77    8
   63    7
   24   64
   34   73
   51   73
   55   58
   59   67
  103   44
  119   57
   33   72
   63   25
   64   85
   69   66
   71   37
   89   70
   75   63
   18   65
   46  104
   43   14
   37   29
   79   50
   46   50
   90   64
   41   22
   54   60
   65   60
   40   36
   93   34
   50   36
   56   23
   79   25
   32   85
   75   36
   20   50
   65   52
   37   55
   47   46
  105   69
   51   32
   37   71
   36   63
   54   62
