   0.40000E-01   0.10000E+01
   0.80000E-01   0.10000E+01
   0.12000E+00   0.10000E+01
   0.16000E+00   0.10000E+01
   0.20000E+00   0.10000E+01
   0.24000E+00   0.10000E+01
   0.28000E+00   0.10000E+01
   0.32000E+00   0.10000E+01
   0.36000E+00   0.10000E+01
   0.40000E+00   0.10000E+01
   0.44000E+00   0.10000E+01
   0.48000E+00   0.10000E+01
   0.52000E+00   0.10000E+01
   0.56000E+00   0.10000E+01
   0.60000E+00   0.10000E+01
   0.64000E+00   0.99999E+00
   0.68000E+00   0.99998E+00
   0.72000E+00   0.99997E+00
   0.76000E+00   0.99995E+00
   0.80000E+00   0.99991E+00
   0.84000E+00   0.99985E+00
   0.88000E+00   0.99977E+00
   0.92000E+00   0.99966E+00
   0.96000E+00   0.99952E+00
   0.10000E+01   0.99933E+00
   0.10400E+01   0.99908E+00
   0.10800E+01   0.99878E+00
   0.11200E+01   0.99840E+00
   0.11600E+01   0.99795E+00
   0.12000E+01   0.99741E+00
   0.12400E+01   0.99678E+00
   0.12800E+01   0.99605E+00
   0.13200E+01   0.99521E+00
   0.13600E+01   0.99425E+00
   0.14000E+01   0.99316E+00
   0.14400E+01   0.99195E+00
   0.14800E+01   0.99059E+00
   0.15200E+01   0.98909E+00
   0.15600E+01   0.98744E+00
   0.16000E+01   0.98562E+00
   0.16400E+01   0.98365E+00
   0.16800E+01   0.98150E+00
   0.17200E+01   0.97918E+00
   0.17600E+01   0.97667E+00
   0.18000E+01   0.97398E+00
   0.18400E+01   0.97109E+00
   0.18800E+01   0.96800E+00
   0.19200E+01   0.96472E+00
   0.19600E+01   0.96122E+00
   0.20000E+01   0.95750E+00
   0.20400E+01   0.95357E+00
   0.20800E+01   0.94941E+00
   0.21200E+01   0.94502E+00
   0.21600E+01   0.94040E+00
   0.22000E+01   0.93553E+00
   0.22400E+01   0.93041E+00
   0.22800E+01   0.92504E+00
   0.23200E+01   0.91941E+00
   0.23600E+01   0.91351E+00
   0.24000E+01   0.90733E+00
   0.24400E+01   0.90088E+00
   0.24800E+01   0.89413E+00
   0.25200E+01   0.88708E+00
   0.25600E+01   0.87973E+00
   0.26000E+01   0.87207E+00
   0.26400E+01   0.86407E+00
   0.26800E+01   0.85575E+00
   0.27200E+01   0.84707E+00
   0.27600E+01   0.83804E+00
   0.28000E+01   0.82863E+00
   0.28400E+01   0.81885E+00
   0.28800E+01   0.80866E+00
   0.29200E+01   0.79805E+00
   0.29600E+01   0.78701E+00
   0.30000E+01   0.77552E+00
   0.30400E+01   0.76355E+00
   0.30800E+01   0.75108E+00
   0.31200E+01   0.73809E+00
   0.31600E+01   0.72454E+00
   0.32000E+01   0.71041E+00
   0.32400E+01   0.69566E+00
   0.32800E+01   0.68024E+00
   0.33200E+01   0.66411E+00
   0.33600E+01   0.64722E+00
   0.34000E+01   0.62950E+00
   0.34400E+01   0.61088E+00
   0.34800E+01   0.59128E+00
   0.35200E+01   0.57059E+00
   0.35600E+01   0.54869E+00
   0.36000E+01   0.52543E+00
   0.36400E+01   0.50061E+00
   0.36800E+01   0.47400E+00
   0.37200E+01   0.44527E+00
   0.37600E+01   0.41398E+00
   0.38000E+01   0.37949E+00
   0.38400E+01   0.34083E+00
   0.38800E+01   0.29638E+00
   0.39200E+01   0.24298E+00
   0.39600E+01   0.17251E+00
   0.40000E+01  -0.19078E-04
   0.40400E+01  -0.49738E-12
   0.40800E+01   0.40927E-11
   0.41200E+01  -0.57732E-14
   0.41600E+01   0.29104E-10
   0.42000E+01  -0.90949E-12
   0.42400E+01   0.28422E-12
   0.42800E+01  -0.21316E-13
   0.43200E+01   0.48850E-14
   0.43600E+01   0.00000E+00
   0.44000E+01   0.00000E+00
   0.44400E+01   0.00000E+00
   0.44800E+01  -0.14552E-10
   0.45200E+01  -0.36380E-11
   0.45600E+01  -0.36380E-11
   0.46000E+01  -0.90949E-12
   0.46400E+01   0.45475E-12
   0.46800E+01  -0.13642E-11
   0.47200E+01  -0.34106E-12
   0.47600E+01  -0.22737E-12
   0.48000E+01   0.17053E-12
   0.48400E+01  -0.85265E-13
   0.48800E+01  -0.85265E-13
   0.49200E+01  -0.71054E-14
   0.49600E+01   0.00000E+00
   0.50000E+01  -0.71054E-14
   0.50400E+01   0.35527E-14
   0.50800E+01   0.26645E-14
   0.51200E+01   0.00000E+00
   0.51600E+01   0.44409E-15
   0.52000E+01   0.22204E-15
   0.52400E+01  -0.11102E-15
   0.52800E+01   0.11102E-15
   0.53200E+01   0.55511E-16
   0.53600E+01  -0.27756E-16
   0.54000E+01   0.00000E+00
   0.54400E+01   0.00000E+00
   0.54800E+01   0.00000E+00
   0.55200E+01   0.00000E+00
   0.55600E+01   0.00000E+00
   0.56000E+01   0.00000E+00
   0.56400E+01  -0.69389E-17
   0.56800E+01   0.00000E+00
   0.57200E+01   0.00000E+00
   0.57600E+01   0.00000E+00
   0.58000E+01   0.00000E+00
   0.58400E+01   0.00000E+00
   0.58800E+01   0.00000E+00
   0.59200E+01   0.00000E+00
   0.59600E+01   0.00000E+00
   0.60000E+01   0.00000E+00
   0.60400E+01  -0.29104E-10
   0.60800E+01  -0.72760E-11
   0.61200E+01   0.00000E+00
   0.61600E+01   0.72760E-11
   0.62000E+01  -0.36380E-11
   0.62400E+01   0.00000E+00
   0.62800E+01   0.36380E-11
   0.63200E+01   0.00000E+00
   0.63600E+01  -0.36380E-11
   0.64000E+01  -0.72760E-11
   0.64400E+01   0.00000E+00
   0.64800E+01   0.18190E-11
   0.65200E+01  -0.36380E-11
   0.65600E+01   0.00000E+00
   0.66000E+01  -0.18190E-11
   0.66400E+01   0.00000E+00
   0.66800E+01   0.00000E+00
   0.67200E+01   0.36380E-11
   0.67600E+01   0.90949E-12
   0.68000E+01  -0.90949E-12
   0.68400E+01  -0.90949E-12
   0.68800E+01  -0.90949E-12
   0.69200E+01   0.00000E+00
   0.69600E+01   0.00000E+00
   0.70000E+01   0.00000E+00
   0.70400E+01   0.00000E+00
   0.70800E+01  -0.90949E-12
   0.71200E+01   0.45475E-12
   0.71600E+01  -0.45475E-12
   0.72000E+01   0.00000E+00
   0.72400E+01   0.45475E-12
   0.72800E+01   0.00000E+00
   0.73200E+01   0.00000E+00
   0.73600E+01  -0.45475E-12
   0.74000E+01  -0.22737E-12
   0.74400E+01  -0.22737E-12
   0.74800E+01   0.00000E+00
   0.75200E+01   0.22737E-12
   0.75600E+01   0.00000E+00
   0.76000E+01  -0.22737E-12
   0.76400E+01  -0.45475E-12
   0.76800E+01  -0.22737E-12
   0.77200E+01   0.11369E-12
   0.77600E+01  -0.11369E-12
   0.78000E+01   0.00000E+00
   0.78400E+01   0.11369E-12
   0.78800E+01   0.11369E-12
   0.79200E+01   0.00000E+00
   0.79600E+01   0.00000E+00
   0.80000E+01   0.00000E+00
