   0.30000E-01   0.99958E+02  -0.39988E+03
   0.60000E-01   0.10000E+03  -0.40000E+03
   0.90000E-01   0.10000E+03  -0.40000E+03
   0.12000E+00   0.10000E+03  -0.40000E+03
   0.15000E+00   0.10000E+03  -0.40000E+03
   0.18000E+00   0.10000E+03  -0.40000E+03
   0.21000E+00   0.10000E+03  -0.40000E+03
   0.24000E+00   0.10000E+03  -0.40000E+03
   0.27000E+00   0.10000E+03  -0.40000E+03
   0.30000E+00   0.10000E+03  -0.40000E+03
   0.33000E+00   0.10000E+03  -0.40000E+03
   0.36000E+00   0.10000E+03  -0.40000E+03
   0.39000E+00   0.10000E+03  -0.40000E+03
   0.42000E+00   0.10000E+03  -0.40000E+03
   0.45000E+00   0.10000E+03  -0.40000E+03
   0.48000E+00   0.10000E+03  -0.40000E+03
   0.51000E+00   0.10000E+03  -0.40000E+03
   0.54000E+00   0.10000E+03  -0.40000E+03
   0.57000E+00   0.10000E+03  -0.40000E+03
   0.60000E+00   0.99999E+02  -0.39999E+03
   0.63000E+00   0.10000E+03  -0.40000E+03
   0.66000E+00   0.99998E+02  -0.39999E+03
   0.69000E+00   0.99998E+02  -0.39998E+03
   0.72000E+00   0.99998E+02  -0.39998E+03
   0.75000E+00   0.99997E+02  -0.39998E+03
   0.78000E+00   0.99994E+02  -0.39995E+03
   0.81000E+00   0.99992E+02  -0.39994E+03
   0.84000E+00   0.99984E+02  -0.39988E+03
   0.87000E+00   0.99976E+02  -0.39981E+03
   0.90000E+00   0.99968E+02  -0.39974E+03
   0.93000E+00   0.99960E+02  -0.39968E+03
   0.96000E+00   0.99948E+02  -0.39959E+03
   0.99000E+00   0.99936E+02  -0.39951E+03
   0.10200E+01   0.99914E+02  -0.39932E+03
   0.10500E+01   0.99895E+02  -0.39918E+03
   0.10800E+01   0.99860E+02  -0.39891E+03
   0.11100E+01   0.99824E+02  -0.39863E+03
   0.11400E+01   0.99791E+02  -0.39841E+03
   0.11700E+01   0.99753E+02  -0.39809E+03
   0.12000E+01   0.99692E+02  -0.39764E+03
   0.12300E+01   0.99663E+02  -0.39743E+03
   0.12600E+01   0.99578E+02  -0.39680E+03
   0.12900E+01   0.99516E+02  -0.39635E+03
   0.13200E+01   0.99408E+02  -0.39558E+03
   0.13500E+01   0.99354E+02  -0.39516E+03
   0.13800E+01   0.99200E+02  -0.39407E+03
   0.14100E+01   0.99066E+02  -0.39311E+03
   0.14400E+01   0.98921E+02  -0.39215E+03
   0.14700E+01   0.98788E+02  -0.39122E+03
   0.15000E+01   0.98664E+02  -0.39030E+03
   0.15300E+01   0.98450E+02  -0.38891E+03
   0.15600E+01   0.98272E+02  -0.38768E+03
   0.15900E+01   0.98044E+02  -0.38608E+03
   0.16200E+01   0.97773E+02  -0.38445E+03
   0.16500E+01   0.97496E+02  -0.38261E+03
   0.16800E+01   0.97257E+02  -0.38115E+03
   0.17100E+01   0.96914E+02  -0.37918E+03
   0.17400E+01   0.96612E+02  -0.37716E+03
   0.17700E+01   0.96001E+02  -0.37373E+03
   0.18000E+01   0.95536E+02  -0.37116E+03
   0.18300E+01   0.95052E+02  -0.36885E+03
   0.18600E+01   0.94534E+02  -0.36569E+03
   0.18900E+01   0.94176E+02  -0.36367E+03
   0.19200E+01   0.93344E+02  -0.35932E+03
   0.19500E+01   0.92418E+02  -0.35537E+03
   0.19800E+01   0.91748E+02  -0.35180E+03
   0.20100E+01  -0.59468E+02  -0.34858E+03
   0.20400E+01  -0.15331E+02  -0.34193E+03
   0.20700E+01  -0.65036E+02  -0.33845E+03
   0.21000E+01   0.44228E+02  -0.33267E+03
   0.21300E+01  -0.13466E+02  -0.32676E+03
   0.21600E+01  -0.25661E+02  -0.31959E+03
   0.21900E+01   0.33690E+02  -0.31210E+03
   0.22200E+01  -0.47596E+01  -0.30587E+03
   0.22500E+01   0.11079E+02  -0.30039E+03
   0.22800E+01  -0.65960E+01  -0.29045E+03
   0.23100E+01  -0.17177E+02  -0.28500E+03
   0.23400E+01   0.57856E+01  -0.27783E+03
   0.23700E+01   0.29236E+01  -0.26747E+03
   0.24000E+01  -0.73600E-01  -0.26390E+03
   0.24300E+01  -0.59700E+01  -0.25641E+03
   0.24600E+01   0.84768E+01  -0.24596E+03
   0.24900E+01  -0.32908E+01  -0.23985E+03
   0.25200E+01  -0.25820E+01  -0.23207E+03
   0.25500E+01   0.16256E+01  -0.22394E+03
   0.25800E+01   0.52672E+01  -0.22069E+03
   0.26100E+01   0.29360E+01  -0.21360E+03
   0.26400E+01   0.28540E+01  -0.20975E+03
   0.26700E+01   0.62180E+01  -0.20399E+03
   0.27000E+01  -0.12172E+01  -0.19977E+03
   0.27300E+01   0.18376E+01  -0.19531E+03
   0.27600E+01  -0.16800E-01  -0.19033E+03
   0.27900E+01  -0.15480E+01  -0.18936E+03
   0.28200E+01  -0.46160E+00  -0.18348E+03
   0.28500E+01   0.55360E+00  -0.18054E+03
   0.28800E+01  -0.26880E+00  -0.17582E+03
   0.29100E+01   0.14584E+01  -0.17419E+03
   0.29400E+01   0.22156E+01  -0.17048E+03
   0.29700E+01  -0.25200E+00  -0.16729E+03
   0.30000E+01  -0.20660E+01  -0.16540E+03
   0.30300E+01  -0.42640E+00  -0.16372E+03
   0.30600E+01   0.42400E+00  -0.16001E+03
   0.30900E+01  -0.47200E+00  -0.15834E+03
   0.31200E+01   0.65560E+00  -0.15604E+03
   0.31500E+01  -0.31280E+00  -0.15403E+03
   0.31800E+01  -0.91680E+00  -0.15149E+03
   0.32100E+01   0.10248E+01  -0.14893E+03
   0.32400E+01  -0.18008E+01  -0.14748E+03
   0.32700E+01  -0.38760E+00  -0.14390E+03
   0.33000E+01  -0.91080E+00  -0.14332E+03
   0.33300E+01  -0.20920E+00  -0.14156E+03
   0.33600E+01  -0.14728E+01  -0.14040E+03
   0.33900E+01  -0.51680E+00  -0.13840E+03
   0.34200E+01   0.54640E+00  -0.13588E+03
   0.34500E+01   0.94800E-01  -0.13563E+03
   0.34800E+01  -0.59480E+00  -0.13319E+03
   0.35100E+01   0.76520E+00  -0.13261E+03
   0.35400E+01   0.75800E+00  -0.12993E+03
   0.35700E+01   0.74640E+00  -0.12957E+03
   0.36000E+01   0.25920E+00  -0.12802E+03
   0.36300E+01  -0.86120E+00  -0.12601E+03
   0.36600E+01   0.37040E+00  -0.12474E+03
   0.36900E+01  -0.34480E+00  -0.12327E+03
   0.37200E+01  -0.63840E+00  -0.12201E+03
   0.37500E+01   0.11720E+00  -0.12039E+03
   0.37800E+01   0.44000E+00  -0.11958E+03
   0.38100E+01  -0.41600E-01  -0.11774E+03
   0.38400E+01   0.15000E+00  -0.11666E+03
   0.38700E+01  -0.19200E-01  -0.11659E+03
   0.39000E+01  -0.50800E+00  -0.11479E+03
   0.39300E+01  -0.72800E-01  -0.11410E+03
   0.39600E+01   0.29280E+00  -0.11249E+03
   0.39900E+01  -0.54640E+00  -0.11218E+03
   0.40200E+01  -0.12400E-01  -0.11127E+03
   0.40500E+01   0.91360E+00  -0.10966E+03
   0.40800E+01   0.39200E+00  -0.10872E+03
   0.41100E+01  -0.39760E+00  -0.10809E+03
   0.41400E+01  -0.66960E+00  -0.10733E+03
   0.41700E+01  -0.19680E+00  -0.10572E+03
   0.42000E+01   0.46400E-01  -0.10556E+03
   0.42300E+01   0.27840E+00  -0.10439E+03
   0.42600E+01  -0.10240E+00  -0.10369E+03
   0.42900E+01  -0.17400E+00  -0.10319E+03
   0.43200E+01   0.42400E-01  -0.10153E+03
   0.43500E+01  -0.87200E-01  -0.10087E+03
   0.43800E+01  -0.69920E+00  -0.99817E+02
   0.44100E+01   0.17200E+00  -0.99500E+02
   0.44400E+01   0.23760E+00  -0.97972E+02
   0.44700E+01   0.18720E+00  -0.97513E+02
   0.45000E+01  -0.16440E+00  -0.96142E+02
   0.45300E+01  -0.11200E-01  -0.96311E+02
   0.45600E+01  -0.26160E+00  -0.95014E+02
   0.45900E+01  -0.47520E+00  -0.95119E+02
   0.46200E+01  -0.22720E+00  -0.93318E+02
   0.46500E+01   0.46400E-01  -0.93026E+02
   0.46800E+01  -0.14800E+00  -0.92692E+02
   0.47100E+01   0.34400E+00  -0.91773E+02
   0.47400E+01  -0.25720E+00  -0.90486E+02
   0.47700E+01   0.16640E+00  -0.90327E+02
   0.48000E+01   0.28640E+00  -0.89987E+02
   0.48300E+01  -0.45880E+00  -0.88849E+02
   0.48600E+01   0.16960E+00  -0.88846E+02
   0.48900E+01   0.10880E+00  -0.88082E+02
   0.49200E+01   0.93200E-01  -0.87380E+02
   0.49500E+01   0.49600E-01  -0.86823E+02
   0.49800E+01  -0.37560E+00  -0.85966E+02
   0.50100E+01  -0.26800E-01  -0.84789E+02
   0.50400E+01  -0.65600E-01  -0.84632E+02
   0.50700E+01   0.39600E+00  -0.83536E+02
   0.51000E+01  -0.37920E+00  -0.83602E+02
   0.51300E+01   0.21520E+00  -0.83346E+02
   0.51600E+01  -0.25720E+00  -0.82612E+02
   0.51900E+01   0.34000E+00  -0.81164E+02
   0.52200E+01  -0.21680E+00  -0.82002E+02
   0.52500E+01  -0.18200E+00  -0.81297E+02
   0.52800E+01  -0.64800E-01  -0.80415E+02
   0.53100E+01   0.38680E+00  -0.80684E+02
   0.53400E+01  -0.44400E-01  -0.79765E+02
   0.53700E+01  -0.20000E+00  -0.79123E+02
   0.54000E+01  -0.21880E+00  -0.78968E+02
   0.54300E+01  -0.18840E+00  -0.78149E+02
   0.54600E+01  -0.22600E+00  -0.77309E+02
   0.54900E+01  -0.84000E-02  -0.77332E+02
   0.55200E+01  -0.72000E-02  -0.77065E+02
   0.55500E+01   0.53600E-01  -0.76278E+02
   0.55800E+01  -0.19400E+00  -0.75838E+02
   0.56100E+01  -0.19680E+00  -0.75263E+02
   0.56400E+01  -0.45600E-01  -0.74358E+02
   0.56700E+01  -0.91600E-01  -0.74092E+02
   0.57000E+01   0.10200E+00  -0.73446E+02
   0.57300E+01   0.36480E+00  -0.73404E+02
   0.57600E+01   0.24000E-01  -0.73276E+02
   0.57900E+01  -0.67200E-01  -0.72524E+02
   0.58200E+01  -0.54000E-01  -0.71762E+02
   0.58500E+01   0.24560E+00  -0.71752E+02
   0.58800E+01   0.62000E-01  -0.71521E+02
   0.59100E+01  -0.25440E+00  -0.71010E+02
   0.59400E+01  -0.12120E+00  -0.70847E+02
   0.59700E+01   0.26320E+00  -0.70160E+02
   0.60000E+01   0.44000E-02  -0.69410E+02
